202.700000	0.000757
202.800000	0.000747
202.800000	0.000747
202.900000	0.000751
203.000000	0.000749
203.100000	0.000749
203.200000	0.000748
203.300000	0.000747
203.400000	0.000746
203.500000	0.000750
203.600000	0.000753
203.600000	0.000752
203.700000	0.000751
203.800000	0.000752
203.900000	0.000752
204.000000	0.000751
204.100000	0.000748
204.200000	0.000750
204.300000	0.000752
204.300000	0.000751
204.500000	0.000753
204.500000	0.000751
204.600000	0.000755
204.800000	0.000753
204.800000	0.000753
204.900000	0.000740
204.900000	0.000747
204.900000	0.000759
204.900000	0.000759
204.700000	0.000759
204.600000	0.000760
204.300000	0.000742
204.000000	0.000752
203.700000	0.000736
203.300000	0.000750
202.800000	0.000753
202.400000	0.000756
202.000000	0.000752
201.600000	0.000740
201.100000	0.000732
200.600000	0.000749
200.100000	0.000740
199.570000	0.000750
199.090000	0.000748
198.620000	0.000745
198.140000	0.000749
197.540000	0.000735
197.050000	0.000729
196.550000	0.000751
195.920000	0.000747
195.420000	0.000748
194.910000	0.000746
194.390000	0.000739
193.740000	0.000740
193.210000	0.000721
192.690000	0.000739
192.160000	0.000742
191.510000	0.000739
190.990000	0.000737
190.470000	0.000733
189.940000	0.000726
189.290000	0.000732
188.770000	0.000732
188.250000	0.000734
187.730000	0.000721
187.090000	0.000734
186.580000	0.000729
186.060000	0.000715
185.530000	0.000720
184.890000	0.000737
184.370000	0.000728
183.840000	0.000730
183.310000	0.000728
182.660000	0.000721
182.140000	0.000723
181.620000	0.000714
181.090000	0.000724
180.440000	0.000721
179.930000	0.000720
179.410000	0.000716
178.900000	0.000713
178.250000	0.000719
177.730000	0.000721
177.210000	0.000720
176.690000	0.000714
176.050000	0.000714
175.530000	0.000707
175.030000	0.000719
174.390000	0.000716
173.880000	0.000711
173.360000	0.000716
172.840000	0.000716
172.200000	0.000710
171.700000	0.000711
171.190000	0.000710
170.680000	0.000713
170.030000	0.000698
169.510000	0.000710
169.000000	0.000714
168.490000	0.000704
167.850000	0.000706
167.350000	0.000703
166.840000	0.000692
166.200000	0.000706
165.700000	0.000709
165.180000	0.000717
164.670000	0.000713
164.020000	0.000711
163.490000	0.000697
162.960000	0.000680
162.430000	0.000684
161.780000	0.000694
161.250000	0.000712
160.730000	0.000711
160.200000	0.000710
159.560000	0.000679
159.030000	0.000697
158.500000	0.000684
157.970000	0.000708
157.440000	0.000690
156.790000	0.000708
156.260000	0.000704
155.730000	0.000679
155.210000	0.000669
154.560000	0.000693
154.020000	0.000682
153.490000	0.000704
152.960000	0.000690
152.300000	0.000703
151.780000	0.000689
151.260000	0.000671
150.720000	0.000669
150.060000	0.000687
149.520000	0.000701
148.990000	0.000675
148.470000	0.000701
147.800000	0.000669
147.270000	0.000679
146.730000	0.000671
146.200000	0.000690
145.520000	0.000678
144.970000	0.000696
144.440000	0.000669
143.910000	0.000678
143.250000	0.000671
142.700000	0.000672
142.170000	0.000684
141.490000	0.000662
140.950000	0.000670
140.410000	0.000678
139.870000	0.000667
139.180000	0.000669
138.630000	0.000659
138.070000	0.000669
137.510000	0.000685
136.810000	0.000674
136.250000	0.000692
135.690000	0.000659
135.130000	0.000665
134.420000	0.000660
133.860000	0.000670
133.330000	0.000659
132.780000	0.000651
132.220000	0.000647
131.540000	0.000682
130.970000	0.000655
130.420000	0.000655
129.800000	0.000659
129.090000	0.000658
128.540000	0.000653
127.980000	0.000662
127.480000	0.000660
126.760000	0.000676
126.220000	0.000653
125.650000	0.000646
125.090000	0.000639
124.310000	0.000683
124.150000	0.000642
123.570000	0.000625
122.610000	0.000634
121.900000	0.000653
121.340000	0.000634
120.780000	0.000666
120.210000	0.000643
119.490000	0.000626
118.930000	0.000627
118.360000	0.000617
117.800000	0.000651
117.100000	0.000634
116.530000	0.000657
115.950000	0.000639
115.380000	0.000630
114.650000	0.000642
114.040000	0.000617
113.440000	0.000611
112.830000	0.000632
112.070000	0.000637
111.480000	0.000627
110.870000	0.000631
110.250000	0.000645
109.490000	0.000633
108.890000	0.000616
108.280000	0.000651
107.690000	0.000619
107.090000	0.000627
106.330000	0.000603
105.720000	0.000601
105.110000	0.000594
104.490000	0.000613
103.740000	0.000612
103.140000	0.000605
102.520000	0.000604
101.890000	0.000610
101.120000	0.000612
100.510000	0.000595
99.900000	0.000590
99.280000	0.000617
98.510000	0.000583
97.900000	0.000583
97.280000	0.000581
96.670000	0.000591
95.880000	0.000605
95.260000	0.000557
94.620000	0.000580
93.980000	0.000591
93.330000	0.000559
92.510000	0.000564
91.860000	0.000555
91.200000	0.000517
90.540000	0.000514
89.700000	0.000471
89.050000	0.000374
88.410000	0.000250
87.750000	0.000107
86.890000	0.000077
86.250000	0.000022
85.590000	-0.000000
84.910000	-0.000000
84.240000	0.000012
83.410000	-0.000024
82.740000	0.000032
82.050000	0.000000
81.460000	0.000000
80.630000	-0.000016
79.870000	-0.000016
79.200000	-0.000000
78.520000	-0.000107
77.700000	0.000000
77.070000	-0.000000
76.320000	0.000182
75.650000	-0.000023
74.720000	0.000022
73.960000	-0.000133
73.500000	-0.000000
73.000000	-0.000028
72.420000	-0.000056
71.650000	0.000042
70.590000	-0.000159
70.330000	0.000023
69.390000	0.000015
68.420000	-0.000018
68.070000	0.000006
66.850000	-0.000070
66.180000	-0.000141
65.180000	0.000010
63.910000	-0.000000
63.150000	-0.000000
62.170000	-0.000025
61.380000	-0.000029
60.170000	-0.000025
59.240000	0.000042
58.350000	0.000018
57.510000	0.000000
56.570000	0.000006
55.360000	-0.000022
54.420000	0.000000
53.470000	0.000000
52.540000	0.000000
51.700000	0.000000
51.020000	0.000000
50.770000	0.000000
50.690000	0.000000
50.730000	0.000000
50.900000	0.000000
51.110000	0.000000
51.350000	0.000000
51.630000	0.000000
51.920000	0.000000
52.300000	0.000000
52.620000	0.000000
52.940000	0.000000
53.270000	0.000001
53.600000	0.000001
54.010000	0.000000
54.340000	0.000000
54.660000	0.000000
54.990000	0.000000
55.310000	0.000000
55.710000	0.000000
56.030000	0.000000
56.350000	0.000000
56.670000	-0.000000
57.050000	-0.000000
57.350000	0.000000
57.650000	0.000000
57.950000	0.000000
58.250000	0.000000
58.610000	0.000000
58.910000	0.000000
59.190000	0.000000
59.470000	0.000000
59.750000	0.000000
60.100000	0.000000
60.360000	-0.000000
60.610000	0.000000
60.870000	0.000000
61.180000	0.000000
61.430000	0.000000
61.670000	0.000000
61.930000	0.000000
62.230000	0.000000
62.480000	0.000001
62.720000	0.000001
62.960000	0.000001
63.260000	0.000000
63.490000	0.000000
63.720000	0.000000
63.960000	0.000000
64.190000	0.000000
64.470000	0.000000
64.700000	0.000000
64.930000	0.000000
65.160000	0.000000
65.440000	0.000000
65.660000	0.000000
65.880000	0.000000
66.100000	0.000000
66.370000	0.000000
66.580000	0.000000
66.800000	0.000000
67.010000	0.000000
67.220000	0.000000
67.490000	0.000000
67.700000	0.000000
67.910000	-0.000000
68.120000	-0.000000
68.330000	-0.000000
68.580000	0.000000
68.780000	0.000000
68.990000	0.000000
69.200000	0.000000
69.450000	0.000001
69.650000	0.000001
69.850000	0.000000
70.050000	0.000000
70.250000	0.000000
70.490000	0.000000
70.690000	-0.000000
70.890000	-0.000000
71.090000	0.000000
71.330000	0.000000
71.520000	0.000000
71.720000	0.000000
71.910000	0.000000
72.100000	0.000001
72.320000	0.000001
72.510000	0.000001
72.690000	0.000001
72.870000	0.000001
73.110000	0.000000
73.290000	0.000000
73.470000	0.000000
73.650000	0.000000
73.870000	0.000001
74.050000	0.000001
74.240000	0.000001
74.420000	0.000001
74.600000	0.000001
74.830000	0.000001
75.010000	0.000000
75.190000	0.000000
75.360000	0.000000
75.530000	0.000000
75.750000	0.000000
75.930000	0.000000
76.100000	0.000001
76.280000	0.000000
76.500000	0.000000
76.670000	0.000000
76.830000	0.000000
77.000000	0.000000
77.180000	0.000000
77.390000	0.000001
77.550000	0.000001
77.710000	0.000001
77.870000	0.000000
78.070000	0.000000
78.230000	0.000000
78.400000	0.000001
78.560000	0.000001
78.750000	0.000001
78.910000	0.000001
79.060000	0.000000
79.210000	0.000001
79.400000	0.000001
79.560000	0.000001
79.710000	0.000001
79.850000	0.000001
80.040000	0.000001
80.190000	0.000000
80.340000	0.000001
80.500000	0.000001
80.690000	0.000001
80.840000	0.000001
81.000000	0.000001
81.160000	0.000001
81.310000	0.000013
81.490000	-0.000000
81.640000	-0.000000
81.790000	-0.000000
81.930000	0.000000
82.130000	0.000000
82.280000	0.000000
82.440000	0.000001
82.590000	0.000001
82.790000	0.000001
82.940000	0.000001
83.090000	0.000001
83.240000	0.000001
83.380000	0.000001
83.560000	0.000000
83.710000	0.000000
83.870000	0.000000
84.010000	0.000000
84.200000	0.000000
84.340000	0.000000
84.490000	0.000001
84.640000	0.000001
84.820000	0.000001
84.970000	0.000001
85.110000	0.000001
85.260000	0.000001
85.390000	0.000001
85.580000	0.000001
85.730000	0.000001
85.880000	0.000001
86.030000	0.000001
86.210000	0.000001
86.340000	0.000001
86.470000	0.000001
86.620000	0.000000
86.770000	0.000000
86.960000	0.000000
87.110000	0.000001
87.260000	0.000001
87.410000	0.000001
87.580000	0.000001
87.730000	0.000001
87.860000	0.000001
88.010000	0.000001
88.180000	0.000001
88.330000	0.000001
88.470000	0.000001
88.600000	0.000001
88.770000	0.000000
88.900000	0.000000
89.030000	0.000014
89.150000	0.000035
89.270000	0.000052
89.440000	0.000062
89.580000	0.000082
89.720000	0.000107
89.860000	0.000129
90.020000	0.000150
90.150000	0.000171
90.270000	0.000201
90.400000	0.000230
90.570000	0.000269
90.690000	0.000308
90.830000	0.000355
90.960000	0.000395
91.090000	0.000442
91.260000	0.000467
91.390000	0.000490
91.530000	0.000507
91.660000	0.000515
91.820000	0.000525
91.950000	0.000528
92.080000	0.000536
92.220000	0.000536
92.350000	0.000537
92.500000	0.000544
92.640000	0.000541
92.770000	0.000548
92.910000	0.000547
93.070000	0.000551
93.190000	0.000551
93.330000	0.000550
93.450000	0.000551
93.580000	0.000556
93.750000	0.000557
93.880000	0.000556
94.010000	0.000561
94.130000	0.000562
94.280000	0.000562
94.410000	0.000563
94.520000	0.000563
94.660000	0.000562
94.820000	0.000565
94.950000	0.000567
95.080000	0.000566
95.200000	0.000571
95.350000	0.000567
95.480000	0.000572
95.600000	0.000573
95.710000	0.000575
95.850000	0.000574
95.970000	0.000575
96.090000	0.000576
96.210000	0.000572
96.360000	0.000578
96.480000	0.000573
96.600000	0.000576
96.720000	0.000577
96.870000	0.000577
96.990000	0.000579
97.110000	0.000578
97.220000	0.000582
97.370000	0.000579
97.480000	0.000582
97.600000	0.000583
97.710000	0.000584
97.860000	0.000583
97.990000	0.000584
98.110000	0.000585
98.230000	0.000587
98.380000	0.000581
98.500000	0.000586
98.610000	0.000591
98.730000	0.000593
98.870000	0.000588
98.980000	0.000588
99.090000	0.000588
99.210000	0.000591
99.320000	0.000594
99.460000	0.000591
99.580000	0.000591
99.690000	0.000593
99.800000	0.000592
99.940000	0.000593
100.050000	0.000588
100.170000	0.000594
100.280000	0.000596
100.420000	0.000597
100.540000	0.000597
100.650000	0.000596
100.750000	0.000594
100.890000	0.000597
101.010000	0.000596
101.120000	0.000597
101.240000	0.000602
101.390000	0.000598
101.500000	0.000597
101.610000	0.000601
101.730000	0.000598
101.880000	0.000598
101.990000	0.000600
102.110000	0.000602
102.230000	0.000600
102.350000	0.000602
102.490000	0.000602
102.600000	0.000601
102.720000	0.000605
102.830000	0.000605
102.980000	0.000604
103.100000	0.000606
103.210000	0.000604
103.330000	0.000602
103.460000	0.000604
103.580000	0.000609
103.690000	0.000608
103.800000	0.000606
103.920000	0.000608
104.060000	0.000603
104.170000	0.000608
104.270000	0.000609
104.380000	0.000609
104.520000	0.000614
104.630000	0.000606
104.740000	0.000611
104.850000	0.000611
104.950000	0.000609
105.100000	0.000609
105.210000	0.000611
105.320000	0.000613
105.440000	0.000614
105.590000	0.000616
105.700000	0.000615
105.800000	0.000612
105.920000	0.000613
106.060000	0.000612
106.160000	0.000616
106.270000	0.000615
106.390000	0.000617
106.530000	0.000614
106.640000	0.000617
106.760000	0.000614
106.860000	0.000618
106.990000	0.000617
107.100000	0.000613
107.210000	0.000615
107.320000	0.000618
107.460000	0.000617
107.570000	0.000621
107.670000	0.000619
107.770000	0.000622
107.910000	0.000617
108.020000	0.000618
108.130000	0.000618
108.250000	0.000621
108.380000	0.000620
108.490000	0.000620
108.600000	0.000621
108.710000	0.000623
108.810000	0.000622
108.950000	0.000620
109.060000	0.000622
109.170000	0.000622
109.280000	0.000625
109.410000	0.000625
109.510000	0.000620
109.620000	0.000622
109.720000	0.000623
109.860000	0.000624
109.970000	0.000623
110.070000	0.000625
110.180000	0.000621
110.310000	0.000628
110.410000	0.000621
110.520000	0.000630
110.630000	0.000623
110.730000	0.000625
110.860000	0.000627
110.970000	0.000624
111.080000	0.000624
111.170000	0.000625
111.310000	0.000626
111.420000	0.000627
111.530000	0.000625
111.640000	0.000627
111.770000	0.000630
111.880000	0.000632
111.980000	0.000626
112.090000	0.000628
112.200000	0.000628
112.320000	0.000630
112.430000	0.000628
112.530000	0.000631
112.630000	0.000631
112.760000	0.000629
112.860000	0.000632
112.970000	0.000629
113.070000	0.000630
113.200000	0.000629
113.310000	0.000631
113.420000	0.000632
113.540000	0.000633
113.640000	0.000632
113.780000	0.000633
113.890000	0.000630
113.990000	0.000631
114.100000	0.000631
114.200000	0.000636
114.330000	0.000636
114.420000	0.000632
114.510000	0.000635
114.610000	0.000635
114.740000	0.000635
114.840000	0.000634
114.940000	0.000632
115.040000	0.000635
115.160000	0.000637
115.270000	0.000633
115.370000	0.000633
115.470000	0.000633
115.590000	0.000634
115.690000	0.000633
115.790000	0.000635
115.870000	0.000637
115.990000	0.000634
116.080000	0.000637
116.180000	0.000633
116.270000	0.000638
116.390000	0.000638
116.480000	0.000637
116.570000	0.000637
116.680000	0.000636
116.770000	0.000637
116.870000	0.000637
116.970000	0.000639
117.090000	0.000632
117.190000	0.000640
117.280000	0.000640
117.390000	0.000633
117.500000	0.000638
117.600000	0.000642
117.690000	0.000638
117.790000	0.000636
117.910000	0.000641
118.000000	0.000641
118.090000	0.000642
118.190000	0.000643
118.320000	0.000644
118.420000	0.000639
118.510000	0.000639
118.620000	0.000645
118.740000	0.000643
118.830000	0.000643
118.930000	0.000640
119.030000	0.000643
119.120000	0.000643
119.240000	0.000641
119.340000	0.000638
119.430000	0.000644
119.530000	0.000647
119.640000	0.000642
119.740000	0.000643
119.840000	0.000644
119.940000	0.000643
120.060000	0.000647
120.150000	0.000644
120.250000	0.000644
120.350000	0.000644
120.460000	0.000648
120.560000	0.000646
120.650000	0.000645
120.740000	0.000647
120.860000	0.000648
120.950000	0.000642
121.050000	0.000645
121.150000	0.000647
121.270000	0.000649
121.370000	0.000648
121.460000	0.000644
121.560000	0.000648
121.680000	0.000646
121.770000	0.000647
121.870000	0.000646
121.970000	0.000648
122.090000	0.000648
122.180000	0.000648
122.270000	0.000644
122.360000	0.000644
122.480000	0.000646
122.580000	0.000655
122.680000	0.000650
122.770000	0.000650
122.890000	0.000647
122.980000	0.000649
123.080000	0.000649
123.170000	0.000650
123.290000	0.000649
123.380000	0.000646
123.470000	0.000650
123.570000	0.000652
123.670000	0.000650
123.780000	0.000647
123.870000	0.000656
123.960000	0.000652
124.050000	0.000651
124.170000	0.000648
124.260000	0.000650
124.350000	0.000652
124.450000	0.000647
124.570000	0.000650
124.660000	0.000652
124.750000	0.000654
124.850000	0.000652
124.960000	0.000654
125.050000	0.000653
125.150000	0.000655
125.250000	0.000648
125.360000	0.000654
125.450000	0.000653
125.540000	0.000653
125.630000	0.000657
125.740000	0.000652
125.830000	0.000654
125.930000	0.000655
126.020000	0.000655
126.140000	0.000657
126.230000	0.000651
126.320000	0.000650
126.410000	0.000654
126.520000	0.000654
126.610000	0.000656
126.700000	0.000659
126.790000	0.000653
126.900000	0.000656
126.990000	0.000655
127.080000	0.000653
127.170000	0.000657
127.280000	0.000657
127.380000	0.000661
127.470000	0.000656
127.560000	0.000655
127.670000	0.000656
127.760000	0.000660
127.850000	0.000660
127.940000	0.000658
128.060000	0.000658
128.150000	0.000656
128.240000	0.000657
128.330000	0.000662
128.440000	0.000660
128.530000	0.000658
128.610000	0.000658
128.700000	0.000658
128.790000	0.000661
128.910000	0.000656
129.000000	0.000657
129.080000	0.000659
129.190000	0.000659
129.280000	0.000656
129.370000	0.000663
129.480000	0.000658
129.570000	0.000660
129.660000	0.000659
129.750000	0.000683
129.880000	0.000660
129.960000	0.000661
130.040000	0.000661
130.130000	0.000660
130.230000	0.000661
130.330000	0.000661
130.420000	0.000664
130.500000	0.000661
130.620000	0.000660
130.700000	0.000660
130.780000	0.000660
130.870000	0.000663
130.980000	0.000662
131.070000	0.000661
131.150000	0.000658
131.240000	0.000663
131.360000	0.000662
131.450000	0.000664
131.530000	0.000662
131.620000	0.000664
131.700000	0.000663
131.820000	0.000663
131.900000	0.000668
131.990000	0.000666
132.070000	0.000663
132.180000	0.000664
132.270000	0.000666
132.360000	0.000665
132.440000	0.000664
132.550000	0.000662
132.640000	0.000666
132.730000	0.000662
132.820000	0.000667
132.900000	0.000667
133.010000	0.000665
133.100000	0.000665
133.190000	0.000669
133.280000	0.000667
133.390000	0.000663
133.480000	0.000663
133.570000	0.000667
133.660000	0.000665
133.750000	0.000664
133.850000	0.000664
133.950000	0.000669
134.040000	0.000666
134.130000	0.000666
134.240000	0.000664
134.330000	0.000665
134.420000	0.000665
134.510000	0.000669
134.620000	0.000665
134.710000	0.000665
134.790000	0.000664
134.890000	0.000667
134.970000	0.000668
135.090000	0.000669
135.180000	0.000668
135.270000	0.000669
135.380000	0.000669
135.470000	0.000668
135.560000	0.000667
135.650000	0.000669
135.760000	0.000668
135.850000	0.000668
135.940000	0.000670
136.020000	0.000668
136.090000	0.000669
136.180000	0.000669
136.270000	0.000670
136.360000	0.000670
136.450000	0.000670
136.560000	0.000667
136.640000	0.000670
136.720000	0.000672
136.810000	0.000668
136.920000	0.000672
137.010000	0.000671
137.100000	0.000671
137.180000	0.000669
137.290000	0.000670
137.380000	0.000672
137.470000	0.000670
137.550000	0.000671
137.660000	0.000669
137.740000	0.000672
137.830000	0.000670
137.920000	0.000668
138.000000	0.000669
138.110000	0.000673
138.190000	0.000674
138.280000	0.000675
138.370000	0.000670
138.480000	0.000674
138.560000	0.000675
138.640000	0.000671
138.730000	0.000674
138.830000	0.000675
138.920000	0.000678
139.010000	0.000673
139.100000	0.000671
139.210000	0.000671
139.290000	0.000674
139.380000	0.000673
139.460000	0.000675
139.570000	0.000674
139.650000	0.000672
139.740000	0.000677
139.820000	0.000676
139.930000	0.000676
140.010000	0.000675
140.090000	0.000674
140.180000	0.000673
140.280000	0.000675
140.360000	0.000679
140.440000	0.000678
140.550000	0.000674
140.630000	0.000678
140.710000	0.000677
140.790000	0.000676
140.890000	0.000677
140.970000	0.000673
141.060000	0.000674
141.140000	0.000673
141.240000	0.000678
141.320000	0.000675
141.400000	0.000678
141.500000	0.000678
141.580000	0.000679
141.660000	0.000678
141.740000	0.000675
141.850000	0.000679
141.920000	0.000678
142.000000	0.000677
142.090000	0.000676
142.190000	0.000674
142.270000	0.000677
142.350000	0.000677
142.430000	0.000677
142.530000	0.000680
142.610000	0.000680
142.700000	0.000679
142.780000	0.000681
142.880000	0.000678
142.960000	0.000677
143.040000	0.000679
143.120000	0.000677
143.220000	0.000678
143.300000	0.000679
143.380000	0.000680
143.480000	0.000679
143.560000	0.000681
143.640000	0.000683
143.720000	0.000682
143.820000	0.000678
143.900000	0.000680
143.980000	0.000681
144.060000	0.000680
144.160000	0.000679
144.230000	0.000682
144.320000	0.000678
144.390000	0.000678
144.490000	0.000678
144.580000	0.000681
144.650000	0.000678
144.730000	0.000679
144.840000	0.000681
144.910000	0.000682
144.990000	0.000680
145.080000	0.000682
145.180000	0.000679
145.260000	0.000680
145.330000	0.000684
145.410000	0.000684
145.510000	0.000681
145.590000	0.000680
145.670000	0.000682
145.750000	0.000683
145.850000	0.000681
145.930000	0.000679
146.010000	0.000678
146.090000	0.000682
146.190000	0.000683
146.260000	0.000683
146.340000	0.000684
146.450000	0.000687
146.530000	0.000686
146.610000	0.000686
146.690000	0.000685
146.790000	0.000684
146.880000	0.000681
146.950000	0.000683
147.040000	0.000684
147.120000	0.000681
147.220000	0.000683
147.300000	0.000685
147.390000	0.000685
147.470000	0.000684
147.570000	0.000682
147.640000	0.000680
147.720000	0.000682
147.810000	0.000682
147.910000	0.000688
147.990000	0.000680
148.080000	0.000681
148.160000	0.000687
148.250000	0.000686
148.330000	0.000685
148.410000	0.000687
148.500000	0.000687
148.600000	0.000684
148.670000	0.000685
148.760000	0.000685
148.840000	0.000685
148.940000	0.000686
149.020000	0.000686
149.100000	0.000686
149.180000	0.000687
149.280000	0.000688
149.350000	0.000686
149.430000	0.000681
149.510000	0.000684
149.610000	0.000688
149.690000	0.000684
149.770000	0.000686
149.850000	0.000687
149.950000	0.000687
150.030000	0.000684
150.110000	0.000687
150.190000	0.000689
150.290000	0.000688
150.360000	0.000693
150.440000	0.000690
150.520000	0.000690
150.620000	0.000687
150.700000	0.000689
150.780000	0.000686
150.860000	0.000687
150.950000	0.000690
151.040000	0.000689
151.110000	0.000692
151.210000	0.000693
151.290000	0.000691
151.370000	0.000690
151.450000	0.000691
151.550000	0.000689
151.630000	0.000687
151.710000	0.000688
151.790000	0.000687
151.880000	0.000690
151.970000	0.000693
152.050000	0.000690
152.120000	0.000689
152.220000	0.000687
152.300000	0.000692
152.380000	0.000691
152.460000	0.000692
152.550000	0.000688
152.630000	0.000688
152.710000	0.000688
152.790000	0.000690
152.890000	0.000689
152.970000	0.000692
153.040000	0.000694
153.120000	0.000693
153.220000	0.000693
153.310000	0.000692
153.400000	0.000693
153.470000	0.000688
153.570000	0.000689
153.650000	0.000692
153.730000	0.000694
153.820000	0.000692
153.910000	0.000692
153.970000	0.000696
154.040000	0.000694
154.110000	0.000686
154.210000	0.000691
154.290000	0.000695
154.370000	0.000693
154.450000	0.000691
154.550000	0.000692
154.640000	0.000690
154.730000	0.000693
154.800000	0.000691
154.910000	0.000694
155.000000	0.000695
155.100000	0.000693
155.200000	0.000692
155.330000	0.000689
155.430000	0.000691
155.540000	0.000695
155.650000	0.000696
155.790000	0.000692
155.900000	0.000693
156.000000	0.000699
156.110000	0.000693
156.250000	0.000695
156.370000	0.000695
156.490000	0.000692
156.590000	0.000692
156.740000	0.000696
156.860000	0.000696
156.970000	0.000696
157.080000	0.000699
157.200000	0.000695
157.350000	0.000693
157.470000	0.000693
157.580000	0.000698
157.700000	0.000697
157.840000	0.000699
157.960000	0.000695
158.070000	0.000697
158.190000	0.000696
158.340000	0.000701
158.450000	0.000696
158.570000	0.000697
158.680000	0.000698
158.830000	0.000696
158.950000	0.000697
159.060000	0.000697
159.180000	0.000697
159.320000	0.000697
159.440000	0.000693
159.750000	0.000697
160.020000	0.000700
160.200000	0.000699
160.240000	0.000702
160.270000	0.000699
160.360000	0.000699
160.490000	0.000700
160.530000	0.000699
160.550000	0.000703
160.660000	0.000699
160.800000	0.000700
160.920000	0.000700
161.030000	0.000703
161.150000	0.000701
161.290000	0.000704
161.400000	0.000700
161.510000	0.000701
161.630000	0.000706
161.770000	0.000701
161.890000	0.000700
162.010000	0.000699
162.130000	0.000701
162.270000	0.000704
162.380000	0.000700
162.500000	0.000702
162.620000	0.000701
162.770000	0.000702
162.880000	0.000702
163.000000	0.000703
163.110000	0.000704
163.250000	0.000703
163.360000	0.000701
163.480000	0.000705
163.590000	0.000704
163.730000	0.000701
163.850000	0.000703
163.960000	0.000704
164.070000	0.000703
164.210000	0.000706
164.320000	0.000707
164.440000	0.000702
164.550000	0.000707
164.680000	0.000706
164.790000	0.000705
164.900000	0.000704
165.020000	0.000704
165.150000	0.000703
165.250000	0.000708
165.360000	0.000704
165.470000	0.000704
165.610000	0.000707
165.710000	0.000703
165.820000	0.000707
165.960000	0.000709
166.060000	0.000707
166.170000	0.000709
166.270000	0.000710
166.410000	0.000706
166.510000	0.000707
166.620000	0.000710
166.760000	0.000707
166.870000	0.000708
166.980000	0.000707
167.080000	0.000707
167.210000	0.000713
167.310000	0.000708
167.410000	0.000709
167.520000	0.000705
167.660000	0.000708
167.770000	0.000705
167.870000	0.000710
167.970000	0.000705
168.100000	0.000708
168.210000	0.000710
168.320000	0.000709
168.460000	0.000709
168.570000	0.000712
168.670000	0.000711
168.760000	0.000706
168.890000	0.000708
169.000000	0.000713
169.100000	0.000710
169.200000	0.000710
169.330000	0.000709
169.430000	0.000713
169.540000	0.000714
169.640000	0.000713
169.770000	0.000715
169.870000	0.000708
169.970000	0.000710
170.070000	0.000710
170.210000	0.000710
170.310000	0.000716
170.410000	0.000711
170.540000	0.000710
170.640000	0.000711
170.740000	0.000711
170.840000	0.000712
170.960000	0.000715
171.060000	0.000708
171.160000	0.000713
171.260000	0.000713
171.390000	0.000710
171.500000	0.000708
171.600000	0.000712
171.710000	0.000716
171.830000	0.000715
171.920000	0.000716
172.020000	0.000711
172.130000	0.000714
172.250000	0.000714
172.350000	0.000710
172.460000	0.000713
172.580000	0.000715
172.680000	0.000713
172.780000	0.000714
172.880000	0.000712
172.980000	0.000715
173.110000	0.000712
173.210000	0.000715
173.310000	0.000718
173.410000	0.000714
173.540000	0.000713
173.640000	0.000719
173.740000	0.000718
173.840000	0.000716
173.960000	0.000718
174.060000	0.000715
174.150000	0.000716
174.280000	0.000716
174.390000	0.000716
174.480000	0.000716
174.580000	0.000719
174.710000	0.000716
174.810000	0.000716
174.900000	0.000716
175.000000	0.000715
175.120000	0.000720
175.220000	0.000717
175.320000	0.000717
175.410000	0.000720
175.540000	0.000715
175.640000	0.000718
175.740000	0.000719
175.840000	0.000717
175.960000	0.000716
176.060000	0.000721
176.160000	0.000715
176.280000	0.000718
176.370000	0.000719
176.470000	0.000721
176.580000	0.000720
176.690000	0.000718
176.790000	0.000720
176.880000	0.000717
176.980000	0.000719
177.110000	0.000720
177.200000	0.000713
177.300000	0.000722
177.400000	0.000720
177.520000	0.000719
177.620000	0.000718
177.710000	0.000722
177.810000	0.000720
177.930000	0.000721
178.030000	0.000719
178.120000	0.000723
178.240000	0.000722
178.340000	0.000722
178.430000	0.000720
178.530000	0.000724
178.660000	0.000719
178.760000	0.000720
178.850000	0.000724
178.950000	0.000722
179.070000	0.000725
179.170000	0.000719
179.270000	0.000715
179.370000	0.000725
179.490000	0.000722
179.590000	0.000721
179.680000	0.000720
179.770000	0.000724
179.890000	0.000723
179.990000	0.000720
180.090000	0.000721
180.210000	0.000723
180.300000	0.000724
180.400000	0.000725
180.490000	0.000724
180.620000	0.000726
180.710000	0.000723
180.800000	0.000724
180.900000	0.000723
181.020000	0.000725
181.120000	0.000729
181.220000	0.000725
181.320000	0.000724
181.440000	0.000724
181.540000	0.000727
181.630000	0.000722
181.730000	0.000726
181.850000	0.000725
181.940000	0.000727
182.040000	0.000727
182.140000	0.000726
182.230000	0.000724
182.340000	0.000727
182.440000	0.000724
182.530000	0.000725
182.630000	0.000727
182.750000	0.000726
182.840000	0.000731
182.940000	0.000730
183.030000	0.000726
183.150000	0.000728
183.240000	0.000727
183.340000	0.000726
183.460000	0.000726
183.550000	0.000729
183.640000	0.000728
183.730000	0.000727
183.850000	0.000722
183.940000	0.000728
184.030000	0.000725
184.120000	0.000728
184.240000	0.000727
184.330000	0.000729
184.420000	0.000724
184.520000	0.000727
184.630000	0.000729
184.730000	0.000730
184.820000	0.000727
184.920000	0.000728
185.030000	0.000727
185.120000	0.000730
185.210000	0.000728
185.310000	0.000733
185.430000	0.000732
185.510000	0.000729
185.610000	0.000727
185.700000	0.000732
185.820000	0.000725
185.910000	0.000736
186.000000	0.000729
186.090000	0.000737
186.210000	0.000729
186.300000	0.000730
186.400000	0.000732
186.490000	0.000730
186.610000	0.000729
186.700000	0.000733
186.790000	0.000727
186.880000	0.000729
186.990000	0.000730
187.080000	0.000733
187.170000	0.000731
187.270000	0.000731
187.390000	0.000730
187.480000	0.000733
187.570000	0.000731
187.680000	0.000738
187.760000	0.000732
187.850000	0.000729
187.940000	0.000730
188.060000	0.000731
188.150000	0.000734
188.240000	0.000734
188.320000	0.000732
188.440000	0.000731
188.530000	0.000734
188.620000	0.000736
188.710000	0.000731
188.830000	0.000735
188.910000	0.000737
189.000000	0.000735
189.090000	0.000734
189.210000	0.000730
189.290000	0.000730
189.380000	0.000733
189.470000	0.000731
189.590000	0.000736
189.680000	0.000732
189.770000	0.000736
189.860000	0.000736
189.970000	0.000730
190.060000	0.000739
190.150000	0.000739
190.240000	0.000737
190.350000	0.000732
190.440000	0.000737
190.530000	0.000738
190.620000	0.000735
190.730000	0.000736
190.820000	0.000738
190.910000	0.000739
191.000000	0.000735
191.090000	0.000733
191.200000	0.000738
191.290000	0.000737
191.380000	0.000736
191.470000	0.000740
191.580000	0.000736
191.670000	0.000734
191.750000	0.000737
191.840000	0.000736
191.950000	0.000736
192.040000	0.000737
192.130000	0.000741
192.220000	0.000736
192.330000	0.000737
192.420000	0.000738
192.500000	0.000735
192.610000	0.000735
192.700000	0.000741
192.790000	0.000736
192.880000	0.000737
192.960000	0.000737
193.070000	0.000740
193.160000	0.000737
193.250000	0.000738
193.340000	0.000741
193.450000	0.000738
193.540000	0.000740
193.620000	0.000737
193.720000	0.000740
193.830000	0.000739
193.910000	0.000734
194.000000	0.000740
194.090000	0.000742
194.200000	0.000741
194.300000	0.000741
194.380000	0.000742
194.480000	0.000742
194.590000	0.000740
194.670000	0.000738
194.760000	0.000741
194.850000	0.000737
194.960000	0.000740
195.050000	0.000743
195.130000	0.000742
195.220000	0.000740
195.330000	0.000740
195.410000	0.000742
195.500000	0.000745
195.600000	0.000737
195.690000	0.000739
195.770000	0.000738
195.850000	0.000744
195.960000	0.000740
196.050000	0.000744
196.140000	0.000737
196.240000	0.000740
196.320000	0.000739
196.410000	0.000744
196.500000	0.000745
196.600000	0.000743
196.680000	0.000741
196.770000	0.000744
196.880000	0.000745
196.960000	0.000743
197.040000	0.000739
197.120000	0.000746
197.240000	0.000741
197.320000	0.000743
197.400000	0.000740
197.510000	0.000743
197.600000	0.000743
197.680000	0.000745
197.760000	0.000744
197.870000	0.000742
197.950000	0.000746
198.040000	0.000746
198.120000	0.000744
198.230000	0.000744
198.310000	0.000747
198.390000	0.000745
198.500000	0.000743
198.590000	0.000740
198.670000	0.000744
198.760000	0.000746
198.860000	0.000746
198.940000	0.000741
199.030000	0.000745
199.120000	0.000743
199.220000	0.000743
199.310000	0.000746
199.400000	0.000749
199.480000	0.000749
199.590000	0.000746
199.670000	0.000748
199.750000	0.000745
199.860000	0.000746
199.940000	0.000748
200.000000	0.000742
200.100000	0.000743
200.200000	0.000751
200.300000	0.000745
200.400000	0.000746
200.500000	0.000749
200.600000	0.000749
200.700000	0.000744
200.700000	0.000745
200.800000	0.000749
200.900000	0.000747
201.000000	0.000748
201.100000	0.000749
201.200000	0.000748
201.300000	0.000747
201.400000	0.000749
201.500000	0.000748
201.600000	0.000742
201.600000	0.000749
201.700000	0.000747
201.800000	0.000748
201.900000	0.000746
202.000000	0.000747
202.100000	0.000750
202.200000	0.000750
202.300000	0.000748
202.400000	0.000745
202.400000	0.000750
202.500000	0.000754
202.600000	0.000753
202.700000	0.000752
202.800000	0.000750
202.900000	0.000747
203.000000	0.000751
203.100000	0.000749
203.200000	0.000751
203.200000	0.000750
203.300000	0.000751
203.400000	0.000746
203.500000	0.000752
203.600000	0.000750
203.700000	0.000749
203.800000	0.000750
203.900000	0.000749
203.900000	0.000749
204.000000	0.000745
204.100000	0.000750
204.200000	0.000753
204.300000	0.000751
204.400000	0.000750
204.500000	0.000749
204.600000	0.000752
204.700000	0.000750
204.700000	0.000750
204.800000	0.000749
204.900000	0.000753
205.000000	0.000755
205.100000	0.000749
205.200000	0.000750
205.300000	0.000751
205.400000	0.000753
205.500000	0.000751
205.500000	0.000752
205.600000	0.000757
205.700000	0.000755
205.800000	0.000755
205.900000	0.000757
206.000000	0.000754
206.100000	0.000751
206.200000	0.000754
206.200000	0.000754
206.300000	0.000753
206.400000	0.000756
206.500000	0.000754
206.600000	0.000755
206.700000	0.000754
206.800000	0.000753
206.900000	0.000758
207.000000	0.000756
207.100000	0.000756
207.100000	0.000757
207.200000	0.000754
207.300000	0.000757
207.400000	0.000756
207.500000	0.000754
207.600000	0.000753
207.700000	0.000759
207.800000	0.000758
207.900000	0.000755
207.900000	0.000754
208.000000	0.000757
208.100000	0.000761
208.200000	0.000757
208.300000	0.000755
208.400000	0.000755
208.500000	0.000756
208.500000	0.000759
208.600000	0.000761
208.700000	0.000755
208.800000	0.000753
208.900000	0.000757
209.000000	0.000756
209.100000	0.000757
209.200000	0.000758
209.300000	0.000757
209.400000	0.000756
209.400000	0.000754
209.500000	0.000758
209.600000	0.000758
209.700000	0.000759
209.800000	0.000756
209.900000	0.000759
210.000000	0.000759
210.100000	0.000763
210.100000	0.000761
210.200000	0.000756
210.300000	0.000756
210.400000	0.000756
210.500000	0.000757
210.600000	0.000756
210.700000	0.000757
210.800000	0.000760
210.800000	0.000755
210.900000	0.000758
211.000000	0.000757
211.100000	0.000754
211.200000	0.000761
211.300000	0.000758
211.400000	0.000763
211.500000	0.000762
211.500000	0.000759
211.600000	0.000762
211.700000	0.000756
211.800000	0.000761
211.900000	0.000761
212.000000	0.000758
212.100000	0.000761
212.200000	0.000763
212.300000	0.000759
212.300000	0.000761
212.400000	0.000758
212.500000	0.000763
212.600000	0.000759
212.700000	0.000762
212.800000	0.000764
212.900000	0.000761
213.000000	0.000765
213.100000	0.000758
213.100000	0.000762
213.200000	0.000763
213.300000	0.000762
213.400000	0.000762
213.500000	0.000763
213.600000	0.000762
213.700000	0.000759
213.800000	0.000765
213.900000	0.000766
213.900000	0.000761
214.000000	0.000767
214.100000	0.000760
214.200000	0.000765
214.300000	0.000764
214.400000	0.000762
214.500000	0.000762
214.600000	0.000768
214.700000	0.000763
214.800000	0.000761
214.800000	0.000760
214.900000	0.000766
215.000000	0.000770
215.100000	0.000767
215.200000	0.000768
215.300000	0.000762
215.400000	0.000760
215.500000	0.000767
215.600000	0.000764
215.600000	0.000766
215.700000	0.000767
215.800000	0.000766
215.900000	0.000768
216.000000	0.000764
216.100000	0.000763
216.200000	0.000766
216.300000	0.000763
216.400000	0.000767
216.500000	0.000768
216.500000	0.000765
216.600000	0.000771
216.700000	0.000764
216.800000	0.000765
216.900000	0.000764
217.000000	0.000769
217.100000	0.000766
217.200000	0.000766
217.300000	0.000773
217.300000	0.000768
217.400000	0.000768
217.500000	0.000767
217.600000	0.000775
217.700000	0.000768
217.800000	0.000765
217.900000	0.000766
218.000000	0.000769
218.100000	0.000770
218.200000	0.000765
218.300000	0.000770
218.300000	0.000769
218.500000	0.000767
218.500000	0.000768
218.600000	0.000765
218.700000	0.000768
218.800000	0.000770
218.900000	0.000767
219.000000	0.000767
219.100000	0.000768
219.200000	0.000772
219.300000	0.000770
219.400000	0.000773
219.400000	0.000770
219.500000	0.000767
219.600000	0.000773
219.700000	0.000765
219.800000	0.000771
219.900000	0.000771
220.000000	0.000766
220.100000	0.000769
220.200000	0.000773
220.300000	0.000772
220.400000	0.000771
220.500000	0.000773
220.600000	0.000773
220.600000	0.000768
220.700000	0.000775
220.800000	0.000770
220.900000	0.000774
221.000000	0.000773
221.100000	0.000772
221.200000	0.000771
221.300000	0.000771
221.400000	0.000775
221.500000	0.000772
221.600000	0.000771
221.700000	0.000772
221.800000	0.000772
221.800000	0.000772
221.900000	0.000772
222.000000	0.000770
222.100000	0.000775
222.200000	0.000772
222.300000	0.000772
222.400000	0.000774
222.500000	0.000774
222.600000	0.000773
222.700000	0.000773
222.800000	0.000775
222.900000	0.000775
223.000000	0.000767
223.000000	0.000776
223.200000	0.000778
223.200000	0.000773
223.300000	0.000777
223.400000	0.000774
223.500000	0.000774
223.600000	0.000775
223.700000	0.000775
223.800000	0.000774
223.900000	0.000772
224.000000	0.000777
224.100000	0.000777
224.200000	0.000771
224.300000	0.000776
224.400000	0.000774
224.500000	0.000773
224.600000	0.000774
224.700000	0.000771
224.800000	0.000778
224.800000	0.000778
224.900000	0.000776
225.000000	0.000779
225.100000	0.000775
225.200000	0.000772
225.300000	0.000778
225.400000	0.000773
225.500000	0.000777
225.600000	0.000777
225.700000	0.000779
225.800000	0.000782
225.900000	0.000773
226.000000	0.000776
226.100000	0.000776
226.200000	0.000776
226.300000	0.000778
226.400000	0.000781
226.500000	0.000779
226.600000	0.000777
226.600000	0.000776
226.800000	0.000776
226.800000	0.000780
226.900000	0.000783
227.000000	0.000780
227.100000	0.000780
227.200000	0.000780
227.300000	0.000778
227.400000	0.000783
227.500000	0.000781
227.600000	0.000780
227.700000	0.000772
227.800000	0.000781
227.900000	0.000780
228.000000	0.000779
228.100000	0.000782
228.200000	0.000779
228.300000	0.000783
228.400000	0.000777
228.500000	0.000779
228.600000	0.000782
228.700000	0.000778
228.800000	0.000778
228.900000	0.000781
229.000000	0.000784
229.100000	0.000780
229.200000	0.000782
229.300000	0.000776
229.400000	0.000785
229.500000	0.000779
229.600000	0.000784
229.700000	0.000779
229.800000	0.000783
229.900000	0.000782
230.000000	0.000784
230.000000	0.000783
230.200000	0.000783
230.300000	0.000783
230.300000	0.000782
230.400000	0.000782
230.600000	0.000785
230.600000	0.000786
230.700000	0.000782
230.800000	0.000781
230.900000	0.000783
231.000000	0.000782
231.100000	0.000784
231.200000	0.000785
231.300000	0.000781
231.400000	0.000781
231.500000	0.000782
231.600000	0.000781
231.700000	0.000787
231.800000	0.000782
231.900000	0.000783
232.000000	0.000784
232.100000	0.000786
232.200000	0.000788
232.300000	0.000788
232.300000	0.000787
232.500000	0.000788
232.500000	0.000785
232.600000	0.000783
232.700000	0.000786
232.800000	0.000787
232.900000	0.000787
233.000000	0.000786
233.100000	0.000787
233.200000	0.000791
233.300000	0.000787
233.400000	0.000789
233.500000	0.000792
233.600000	0.000785
233.700000	0.000786
233.800000	0.000788
233.900000	0.000790
234.000000	0.000787
234.100000	0.000789
234.200000	0.000789
234.200000	0.000788
234.300000	0.000790
234.400000	0.000782
234.500000	0.000784
234.600000	0.000790
234.700000	0.000789
234.800000	0.000790
234.900000	0.000789
235.000000	0.000786
235.100000	0.000789
235.200000	0.000786
235.300000	0.000785
235.300000	0.000788
235.500000	0.000791
235.500000	0.000788
235.600000	0.000785
235.800000	0.000789
235.900000	0.000793
236.000000	0.000784
236.100000	0.000791
236.200000	0.000788
236.300000	0.000792
236.400000	0.000791
236.500000	0.000791
236.600000	0.000792
236.700000	0.000793
236.800000	0.000791
236.900000	0.000788
237.000000	0.000789
237.100000	0.000786
237.200000	0.000791
237.300000	0.000791
237.400000	0.000794
237.500000	0.000792
237.600000	0.000790
237.700000	0.000790
237.800000	0.000792
237.800000	0.000792
238.000000	0.000793
238.000000	0.000788
238.100000	0.000795
238.200000	0.000792
238.300000	0.000788
238.400000	0.000794
238.500000	0.000794
238.600000	0.000793
238.700000	0.000792
238.800000	0.000791
238.900000	0.000793
239.000000	0.000794
239.100000	0.000794
239.200000	0.000795
239.200000	0.000796
239.300000	0.000794
239.400000	0.000794
239.500000	0.000798
239.600000	0.000788
239.700000	0.000793
239.800000	0.000795
239.900000	0.000795
240.000000	0.000793
240.100000	0.000790
240.100000	0.000797
240.300000	0.000792
240.300000	0.000797
240.400000	0.000793
240.500000	0.000796
240.600000	0.000792
240.700000	0.000800
240.800000	0.000796
240.900000	0.000793
241.000000	0.000795
241.000000	0.000797
241.100000	0.000798
241.200000	0.000800
241.300000	0.000801
241.400000	0.000793
241.500000	0.000799
241.600000	0.000798
241.700000	0.000798
241.700000	0.000794
241.800000	0.000797
241.900000	0.000797
242.000000	0.000799
242.100000	0.000798
242.200000	0.000801
242.300000	0.000796
242.300000	0.000795
242.400000	0.000797
242.500000	0.000798
242.600000	0.000796
242.700000	0.000797
242.800000	0.000796
242.900000	0.000797
242.900000	0.000793
243.000000	0.000803
243.100000	0.000799
243.200000	0.000800
243.300000	0.000798
243.400000	0.000795
243.400000	0.000796
243.500000	0.000805
243.600000	0.000801
243.700000	0.000802
243.800000	0.000794
243.900000	0.000798
244.000000	0.000799
244.000000	0.000801
244.100000	0.000797
244.200000	0.000798
244.300000	0.000796
244.400000	0.000803
244.500000	0.000800
244.500000	0.000802
244.600000	0.000801
244.700000	0.000802
244.800000	0.000799
244.900000	0.000804
244.900000	0.000800
245.000000	0.000802
245.100000	0.000801
245.200000	0.000800
245.300000	0.000803
245.300000	0.000802
245.400000	0.000801
245.500000	0.000802
245.600000	0.000801
245.700000	0.000800
245.800000	0.000803
245.800000	0.000800
245.900000	0.000805
246.000000	0.000802
246.100000	0.000805
246.200000	0.000804
246.200000	0.000802
246.300000	0.000801
246.400000	0.000805
246.500000	0.000804
246.600000	0.000808
246.600000	0.000806
246.700000	0.000802
246.800000	0.000800
246.900000	0.000804
247.000000	0.000805
247.000000	0.000804
247.100000	0.000807
247.200000	0.000805
247.300000	0.000803
247.300000	0.000806
247.400000	0.000802
247.500000	0.000805
247.600000	0.000804
247.600000	0.000805
247.700000	0.000800
247.800000	0.000803
247.900000	0.000804
248.000000	0.000807
248.100000	0.000803
248.100000	0.000804
248.200000	0.000808
248.300000	0.000805
248.400000	0.000805
248.400000	0.000809
248.500000	0.000805
248.600000	0.000806
248.700000	0.000805
248.700000	0.000803
248.800000	0.000803
248.900000	0.000805
249.000000	0.000809
249.000000	0.000805
249.100000	0.000807
249.200000	0.000804
249.300000	0.000807
249.300000	0.000805
249.400000	0.000803
249.500000	0.000803
249.600000	0.000812
249.600000	0.000810
249.700000	0.000805
249.800000	0.000808
249.900000	0.000801
249.900000	0.000809
250.000000	0.000806
250.100000	0.000810
250.200000	0.000811
250.200000	0.000801
250.300000	0.000806
250.400000	0.000808
250.500000	0.000800
250.500000	0.000810
250.600000	0.000811
250.700000	0.000806
250.800000	0.000809
250.800000	0.000805
250.900000	0.000807
251.000000	0.000807
251.000000	0.000809
251.100000	0.000806
251.200000	0.000807
251.300000	0.000810
251.300000	0.000806
251.400000	0.000809
251.500000	0.000805
251.600000	0.000809
251.600000	0.000806
251.700000	0.000806
251.800000	0.000812
251.800000	0.000809
251.900000	0.000807
252.000000	0.000807
252.100000	0.000813
252.100000	0.000807
252.200000	0.000811
252.300000	0.000810
252.300000	0.000809
252.400000	0.000809
252.500000	0.000811
252.600000	0.000812
252.600000	0.000809
252.700000	0.000807
252.800000	0.000810
252.800000	0.000809
252.900000	0.000812
253.000000	0.000811
253.100000	0.000808
253.100000	0.000810
253.200000	0.000813
253.300000	0.000813
253.300000	0.000810
253.400000	0.000809
253.500000	0.000810
253.500000	0.000813
253.600000	0.000815
253.700000	0.000817
253.800000	0.000811
253.800000	0.000808
253.900000	0.000809
254.000000	0.000813
254.000000	0.000811
254.100000	0.000812
254.200000	0.000814
254.200000	0.000812
254.300000	0.000813
254.400000	0.000815
254.500000	0.000814
254.500000	0.000816
254.600000	0.000815
254.600000	0.000813
254.700000	0.000815
254.800000	0.000815
254.900000	0.000815
254.900000	0.000811
255.000000	0.000812
255.100000	0.000813
255.100000	0.000814
255.200000	0.000815
255.300000	0.000812
255.300000	0.000813
255.400000	0.000814
255.500000	0.000811
255.500000	0.000818
255.600000	0.000814
255.700000	0.000815
255.700000	0.000817
255.800000	0.000813
255.900000	0.000816
255.900000	0.000812
256.000000	0.000814
256.100000	0.000812
256.100000	0.000813
256.200000	0.000816
256.300000	0.000817
256.300000	0.000816
256.400000	0.000817
256.500000	0.000815
256.500000	0.000818
256.600000	0.000817
256.700000	0.000817
256.700000	0.000819
256.800000	0.000815
256.900000	0.000817
256.900000	0.000815
257.000000	0.000810
257.000000	0.000817
257.100000	0.000816
257.200000	0.000814
257.200000	0.000817
257.300000	0.000817
257.400000	0.000817
257.400000	0.000820
257.500000	0.000816
257.600000	0.000816
257.600000	0.000820
257.700000	0.000819
257.800000	0.000820
257.800000	0.000820
257.900000	0.000817
258.000000	0.000817
258.000000	0.000816
258.100000	0.000816
258.100000	0.000820
258.200000	0.000813
258.300000	0.000820
258.300000	0.000821
258.400000	0.000816
258.500000	0.000814
258.500000	0.000819
258.600000	0.000822
258.600000	0.000823
258.700000	0.000819
258.800000	0.000816
258.800000	0.000820
258.900000	0.000821
259.000000	0.000817
259.000000	0.000820
259.100000	0.000815
259.100000	0.000817
259.200000	0.000818
259.300000	0.000817
259.300000	0.000823
259.400000	0.000822
259.500000	0.000822
259.500000	0.000823
259.600000	0.000824
259.600000	0.000822
259.700000	0.000824
259.800000	0.000819
259.800000	0.000822
259.900000	0.000820
260.000000	0.000819
260.000000	0.000821
260.100000	0.000817
260.100000	0.000818
260.200000	0.000821
260.300000	0.000822
260.300000	0.000817
260.400000	0.000821
260.400000	0.000817
260.500000	0.000823
260.600000	0.000821
260.600000	0.000820
260.700000	0.000818
