294.900000000	-Inf
294.900000000	Inf
294.900000000	Inf
294.900000000	Inf
294.900000000	-Inf
294.900000000	-Inf
294.900000000	-Inf
294.900000000	-Inf
294.900000000	-Inf
294.900000000	-Inf
294.900000000	-Inf
294.900000000	-Inf
294.900000000	-Inf
294.800000000	-Inf
294.800000000	-Inf
294.800000000	-Inf
294.800000000	-Inf
294.800000000	-Inf
294.800000000	-Inf
294.800000000	-Inf
294.800000000	-Inf
294.800000000	-Inf
294.800000000	0.396629500
294.800000000	0.396617500
294.800000000	0.396673000
294.800000000	0.396588500
294.800000000	0.396651000
294.800000000	0.396695500
294.800000000	0.396705500
294.800000000	0.396723000
294.800000000	0.396755000
294.800000000	0.396394000
294.900000000	0.396692000
294.900000000	0.396901000
294.800000000	0.395352500
294.700000000	0.396469000
294.600000000	0.396391000
294.300000000	0.396239500
294.100000000	0.396218500
293.800000000	0.396216500
293.300000000	0.396252000
293.000000000	0.396411000
292.400000000	0.396440500
292.000000000	0.396487000
291.600000000	0.396381000
291.000000000	0.396405000
290.500000000	0.396512000
290.000000000	0.396514000
289.300000000	0.396530000
288.800000000	0.396571000
288.300000000	0.396539000
287.600000000	0.396566000
287.100000000	0.396630500
286.500000000	0.396621500
285.900000000	0.396648000
285.300000000	0.396295000
284.800000000	0.396583500
284.100000000	0.396505000
283.500000000	0.396453500
283.000000000	0.396374500
282.300000000	0.396678500
281.800000000	0.396505000
281.100000000	0.396602500
280.500000000	0.396707000
280.000000000	0.396699500
279.300000000	0.396104500
278.700000000	0.396400000
278.100000000	0.396124000
277.400000000	0.396065000
276.900000000	0.396472000
276.300000000	0.396269500
275.800000000	0.396281500
275.100000000	0.396148000
274.500000000	0.396101000
273.900000000	0.396236500
273.200000000	0.396191500
272.700000000	0.396215000
272.100000000	0.395984500
271.400000000	0.395787000
270.900000000	0.395518000
270.300000000	0.394475500
269.600000000	0.395797500
269.200000000	0.395782000
268.800000000	0.395556000
268.300000000	0.395311000
267.700000000	0.395729500
267.100000000	0.394685000
266.400000000	0.395248000
265.900000000	0.395378500
265.400000000	0.395125000
264.700000000	0.394914000
264.100000000	0.394931000
263.600000000	0.394873000
262.900000000	0.394810000
262.300000000	0.394708500
261.800000000	0.394600000
261.100000000	0.394437000
260.600000000	0.394308000
260.100000000	0.394285000
259.400000000	0.394203000
258.900000000	0.394134000
258.300000000	0.394037000
257.600000000	0.393964500
257.100000000	0.393883500
256.600000000	0.393712000
255.900000000	0.393605500
255.400000000	0.393495500
254.800000000	0.393471500
254.200000000	0.393369000
253.600000000	0.393273500
253.100000000	0.393163500
252.400000000	0.393014000
251.900000000	0.392947000
251.400000000	0.392797000
250.700000000	0.392715000
250.200000000	0.392633500
249.700000000	0.392523500
249.200000000	0.392347500
248.500000000	0.392244000
248.000000000	0.392153000
247.500000000	0.392059500
246.800000000	0.391967000
246.300000000	0.391763000
245.800000000	0.391701000
245.100000000	0.391587500
244.500000000	0.391493000
244.000000000	0.391374500
243.400000000	0.391285500
242.900000000	0.391145000
242.200000000	0.391018000
241.700000000	0.390903000
241.200000000	0.390873000
240.600000000	0.390702000
240.000000000	0.390667500
239.500000000	0.390552000
238.900000000	0.390399000
238.400000000	0.390258000
237.900000000	0.390234000
237.200000000	0.389952500
236.700000000	0.389970500
236.200000000	0.389882000
235.600000000	0.389749500
235.100000000	0.389688500
234.500000000	0.389496000
233.900000000	0.389473500
233.400000000	0.389361000
232.900000000	0.389223500
232.200000000	0.389103500
231.700000000	0.389134500
231.200000000	0.388997000
230.600000000	0.388955000
230.100000000	0.388901000
229.600000000	0.388780500
229.000000000	0.388718500
228.400000000	0.388653500
227.900000000	0.388546500
227.300000000	0.388404000
226.700000000	0.388321000
226.200000000	0.388238000
225.600000000	0.388164500
225.000000000	0.388085000
224.500000000	0.388013500
223.900000000	0.387933000
223.400000000	0.387785500
222.800000000	0.387759500
222.200000000	0.387694000
221.600000000	0.387640000
221.100000000	0.387574500
220.800000000	0.387498000
220.400000000	0.387369000
219.900000000	0.387382500
219.400000000	0.387269500
218.800000000	0.387192500
218.300000000	0.387122500
217.700000000	0.387026500
217.000000000	0.387006000
216.600000000	0.386964500
216.100000000	0.386845500
215.400000000	0.386896000
214.900000000	0.386834500
214.400000000	0.386782500
213.700000000	0.386764500
213.200000000	0.386654000
212.700000000	0.386604500
212.000000000	0.386600000
211.500000000	0.386652000
210.900000000	0.386573000
210.300000000	0.386626000
209.800000000	0.386536500
209.300000000	0.386496500
208.700000000	0.386033000
208.200000000	0.386433500
207.600000000	0.386488500
207.000000000	0.386450500
206.500000000	0.386445500
205.900000000	0.386389000
205.300000000	0.386416000
204.800000000	0.386422500
204.300000000	0.386420000
203.600000000	0.386393500
203.100000000	0.386404000
202.600000000	0.386398000
202.000000000	0.386399000
201.500000000	0.386438000
201.000000000	0.386440000
200.400000000	0.386465000
199.820000000	0.386574500
199.310000000	0.386615000
198.780000000	0.386572000
198.280000000	0.386687000
197.760000000	0.386776000
197.030000000	0.386786000
196.510000000	0.387183500
196.000000000	0.387239000
195.400000000	0.387332000
194.920000000	0.387846500
194.400000000	0.387463000
193.730000000	0.387514500
193.280000000	0.387575500
192.780000000	0.387631500
192.080000000	0.387787000
191.540000000	0.387988500
191.010000000	0.387933000
190.430000000	0.388072500
189.770000000	0.388177000
189.320000000	0.388304500
188.780000000	0.388435000
188.120000000	0.388570000
187.620000000	0.388649500
187.070000000	0.388767500
186.430000000	0.388980000
185.970000000	0.389148500
185.440000000	0.389476500
184.790000000	0.389516000
184.270000000	0.389626500
183.780000000	0.389764500
183.120000000	0.389969500
182.620000000	0.390187500
182.150000000	0.390325000
181.520000000	0.390500500
180.970000000	0.390283500
180.470000000	0.390791500
179.970000000	0.391054500
179.290000000	0.391215500
178.760000000	0.391431500
178.280000000	0.391680500
177.680000000	0.391811500
177.180000000	0.392010000
176.660000000	0.392277000
176.030000000	0.392535500
175.500000000	0.392691000
175.000000000	0.392947500
174.410000000	0.393243500
173.910000000	0.393470500
173.360000000	0.393675000
172.740000000	0.393936000
172.240000000	0.394156500
171.750000000	0.394401000
171.100000000	0.394678500
170.640000000	0.394938000
170.170000000	0.395282000
169.500000000	0.395573500
169.010000000	0.395893000
168.570000000	0.396111500
167.960000000	0.396539000
167.430000000	0.396642000
166.940000000	0.397035500
166.310000000	0.397360000
165.780000000	0.397604000
165.250000000	0.397919500
164.670000000	0.398330500
164.140000000	0.398671000
163.690000000	0.399034000
163.190000000	0.399415500
162.520000000	0.399714500
161.960000000	0.400082000
161.440000000	0.400541000
160.820000000	0.400849500
160.320000000	0.401273000
159.780000000	0.401724500
159.080000000	0.402086500
158.600000000	0.402411000
158.130000000	0.402917000
157.540000000	0.403257000
157.020000000	0.403721000
156.520000000	0.404213500
156.050000000	0.404690500
155.440000000	0.405001000
154.880000000	0.405578000
154.330000000	0.406036000
153.700000000	0.406466500
153.170000000	0.407063500
152.660000000	0.407552500
152.000000000	0.408069000
151.460000000	0.408465000
151.010000000	0.408975000
150.410000000	0.409614000
149.840000000	0.410081500
149.350000000	0.410668500
148.730000000	0.411220000
148.240000000	0.411797500
147.800000000	0.412281000
147.320000000	0.412888000
146.650000000	0.413499500
146.100000000	0.413980500
145.540000000	0.414742000
145.010000000	0.415225500
144.350000000	0.415697000
143.790000000	0.416323500
143.280000000	0.417152000
142.750000000	0.417621000
142.080000000	0.418287000
141.570000000	0.419027000
141.070000000	0.419668500
140.390000000	0.420306500
139.850000000	0.421141500
139.390000000	0.421725000
138.890000000	0.422553000
138.230000000	0.423154000
137.660000000	0.424014000
137.120000000	0.424685000
136.540000000	0.425626500
135.860000000	0.426242500
135.360000000	0.427053500
134.840000000	0.427861000
134.370000000	0.428745000
133.630000000	0.429519500
133.050000000	0.430213000
132.550000000	0.431290000
131.840000000	0.432119500
131.350000000	0.432890500
130.860000000	0.433870500
130.290000000	0.434842000
129.520000000	0.435686500
128.990000000	0.436710000
128.500000000	0.437696000
127.830000000	0.438737500
127.300000000	0.439637000
126.750000000	0.440715000
126.030000000	0.441561000
125.460000000	0.442856000
124.960000000	0.443776500
124.330000000	0.444872500
123.720000000	0.445943500
123.200000000	0.446957000
122.620000000	0.448167500
121.970000000	0.449479500
121.440000000	0.450736000
120.940000000	0.451770000
120.230000000	0.452777500
119.640000000	0.453933000
119.130000000	0.456036500
118.490000000	0.456673500
117.960000000	0.457533000
117.410000000	0.459258500
116.610000000	0.460619000
116.030000000	0.462020500
115.510000000	0.463705000
115.060000000	0.464820000
114.370000000	0.466296500
113.790000000	0.467699500
113.210000000	0.469043500
112.480000000	0.470652000
111.840000000	0.471945500
111.130000000	0.473780000
110.370000000	0.475095000
109.700000000	0.476553500
109.050000000	0.478608000
108.470000000	0.480274000
107.860000000	0.481852000
107.300000000	0.483712500
106.660000000	0.485258500
105.780000000	0.487119000
105.050000000	0.488811000
104.310000000	0.490715000
103.710000000	0.492506500
102.970000000	0.494450500
102.400000000	0.496316000
101.790000000	0.498332500
101.050000000	0.500157000
100.470000000	0.502203000
99.890000000	0.504248000
99.130000000	0.506363500
98.520000000	0.508426500
97.930000000	0.510643500
97.340000000	0.512921500
96.630000000	0.514909500
96.050000000	0.517344000
95.470000000	0.519566000
94.710000000	0.521881000
94.100000000	0.524280000
93.470000000	0.526758500
92.700000000	0.528994500
92.080000000	0.531478500
91.450000000	0.534072000
90.830000000	0.536706500
90.060000000	0.539369000
89.460000000	0.542060500
88.830000000	0.544629000
88.040000000	0.547265500
87.400000000	0.550078500
86.750000000	0.552981000
86.120000000	0.555810000
85.330000000	0.558672500
84.700000000	0.561456500
84.070000000	0.564125000
83.290000000	0.566139000
82.670000000	0.568106000
82.050000000	0.569336500
81.390000000	0.570548000
80.560000000	0.571212500
79.920000000	0.571807500
79.260000000	0.572219500
78.470000000	0.572548000
77.850000000	0.572905000
77.170000000	0.573366500
76.260000000	0.573798000
75.600000000	0.574356500
74.930000000	0.574989000
74.270000000	0.575628000
73.390000000	0.576393000
72.690000000	0.577412500
72.000000000	0.578304000
71.100000000	0.579449500
70.410000000	0.580522000
69.750000000	0.581757500
69.070000000	0.583016500
68.220000000	0.584380000
67.510000000	0.586019000
66.750000000	0.587524500
65.890000000	0.589088000
65.190000000	0.590717500
64.480000000	0.592296000
63.760000000	0.593930000
62.900000000	0.595766000
62.210000000	0.597506000
61.470000000	0.599226500
60.580000000	0.600910000
59.890000000	0.602605500
59.130000000	0.604108500
58.370000000	0.605796000
57.460000000	0.607246000
56.690000000	0.608786500
55.890000000	0.610150000
55.040000000	0.611433500
53.940000000	0.612547500
53.110000000	0.613417500
52.300000000	0.614219000
51.470000000	0.614676500
50.410000000	0.614457000
49.560000000	0.614096500
48.720000000	0.613568000
47.690000000	0.612164000
46.840000000	0.610241500
45.970000000	0.607554500
45.110000000	0.603903500
44.020000000	0.599826500
43.060000000	0.593988000
42.110000000	0.588587000
40.970000000	0.580507000
40.020000000	0.570628000
38.940000000	0.558413000
37.840000000	0.545891000
36.450000000	0.530485500
35.460000000	0.513628000
34.520000000	0.498665500
33.570000000	0.480275000
32.380000000	0.461638500
31.460000000	0.442983000
30.690000000	0.424278000
29.910000000	0.406938000
29.320000000	0.392291000
28.740000000	0.376580000
28.210000000	0.362281000
27.660000000	0.349208000
27.270000000	0.336923500
26.900000000	0.326011000
26.580000000	0.315886000
26.150000000	0.307710000
25.850000000	0.299143500
25.590000000	0.291328000
25.300000000	0.283978000
24.950000000	0.277252000
24.760000000	0.271232500
24.550000000	0.266145500
24.290000000	0.260579500
23.940000000	0.255368000
23.730000000	0.250375000
23.510000000	0.245596000
23.290000000	0.241086500
23.080000000	0.236779500
22.850000000	0.233064500
22.670000000	0.229596000
22.500000000	0.226390500
22.340000000	0.222479000
22.190000000	0.219714500
22.010000000	0.216316500
21.880000000	0.213365500
21.760000000	0.211258500
21.640000000	0.208613000
21.500000000	0.206112000
21.390000000	0.203702500
21.280000000	0.201274000
21.180000000	0.199086000
21.090000000	0.197278500
20.980000000	0.195221000
20.900000000	0.193151000
20.830000000	0.191744500
20.760000000	0.190515000
20.680000000	0.189063500
20.610000000	0.187972000
20.540000000	0.186142500
20.490000000	0.184627000
20.440000000	0.183232000
20.400000000	0.181746500
20.350000000	0.180384000
20.290000000	0.179036000
20.230000000	0.178142500
20.150000000	0.176533500
20.100000000	0.174978500
20.040000000	0.173790500
19.990000000	0.172294500
19.930000000	0.170982500
19.870000000	0.169782000
19.810000000	0.168829000
19.750000000	0.167521000
19.680000000	0.166145000
19.610000000	0.165165500
19.520000000	0.163689000
19.450000000	0.162469000
19.390000000	0.161896500
19.330000000	0.160600500
19.270000000	0.159598500
19.200000000	0.158373000
19.140000000	0.157615500
19.090000000	0.156291500
19.040000000	0.155462000
18.990000000	0.154227500
18.920000000	0.153597500
18.860000000	0.152597500
18.800000000	0.151474000
18.730000000	0.150625500
18.680000000	0.149587500
18.630000000	0.148966000
18.570000000	0.147893000
18.520000000	0.146957000
18.450000000	0.146054000
18.340000000	0.144897000
18.210000000	0.144192000
18.080000000	0.142747000
18.000000000	0.141863500
17.990000000	0.141000500
18.020000000	0.140195000
18.030000000	0.139445500
18.010000000	0.138651000
17.960000000	0.138061500
17.890000000	0.137386500
17.810000000	0.136832500
17.750000000	0.136033000
17.690000000	0.135093000
17.630000000	0.134314500
17.580000000	0.133492000
17.520000000	0.132753000
17.460000000	0.131993500
17.410000000	0.131518000
17.350000000	0.130577500
17.310000000	0.129968500
17.260000000	0.129234000
17.210000000	0.128538000
17.160000000	0.127780500
17.110000000	0.127421500
17.070000000	0.126782000
17.040000000	0.126114500
17.000000000	0.125111000
16.970000000	0.124790500
16.940000000	0.124205000
16.900000000	0.123618500
16.870000000	0.123348000
16.850000000	0.122774000
16.830000000	0.122217000
16.810000000	0.121634500
16.770000000	0.121209000
16.740000000	0.120531500
16.720000000	0.120522000
16.710000000	0.119968500
16.680000000	0.119369500
16.660000000	0.118986000
16.630000000	0.118494000
16.610000000	0.118032500
16.590000000	0.117640000
16.550000000	0.117453500
16.500000000	0.116922000
16.470000000	0.116396000
16.440000000	0.115827000
16.400000000	0.115577000
16.370000000	0.115104500
16.340000000	0.114816500
16.300000000	0.114307500
16.270000000	0.113824500
16.240000000	0.113318000
16.220000000	0.112808500
16.190000000	0.112474000
16.160000000	0.111896500
16.120000000	0.111771000
16.080000000	0.111189500
16.050000000	0.110855000
16.010000000	0.110357500
15.970000000	0.109976500
15.940000000	0.109498000
15.910000000	0.109066500
15.890000000	0.109070500
15.860000000	0.108599000
15.820000000	0.108071500
15.800000000	0.107552500
15.780000000	0.107093500
15.760000000	0.106839000
15.730000000	0.106419000
15.710000000	0.106357000
15.680000000	0.106051000
15.630000000	0.105459500
15.600000000	0.105154500
15.570000000	0.104586000
15.530000000	0.104277500
15.510000000	0.104222500
15.480000000	0.103731000
15.460000000	0.103374500
15.450000000	0.103000000
15.460000000	0.102630000
15.470000000	0.102263500
15.490000000	0.102264000
15.500000000	0.101945000
15.500000000	0.101742000
15.490000000	0.101370500
15.480000000	0.101088500
15.450000000	0.100748000
15.420000000	0.100395500
15.400000000	0.100034500
15.380000000	0.099901500
15.350000000	0.099580500
15.320000000	0.099112000
15.290000000	0.098554000
15.250000000	0.098412500
15.210000000	0.097947000
15.160000000	0.097822500
15.110000000	0.097345500
15.070000000	0.096843500
15.030000000	0.096224500
14.990000000	0.095909000
14.960000000	0.095571000
14.950000000	0.095389500
14.930000000	0.094993500
14.900000000	0.094927000
14.890000000	0.094093000
14.870000000	0.093832000
14.840000000	0.093688500
14.830000000	0.093238000
14.820000000	0.092928000
14.800000000	0.092648500
14.780000000	0.092293000
14.760000000	0.091951500
14.730000000	0.091610500
14.700000000	0.091393500
14.680000000	0.090819000
14.650000000	0.090725000
14.630000000	0.090387500
14.600000000	0.090089500
14.590000000	0.089781000
14.590000000	0.089446000
14.600000000	0.089064000
14.590000000	0.088897500
14.570000000	0.088914500
14.550000000	0.088324500
14.520000000	0.088220000
14.500000000	0.087767000
14.490000000	0.087468000
14.480000000	0.087251000
14.470000000	0.087244500
14.460000000	0.086807000
14.450000000	0.086484500
14.440000000	0.086277000
14.430000000	0.085950500
14.420000000	0.085967000
14.390000000	0.085177000
14.590000000	0.085628500
14.750000000	0.085950500
14.790000000	0.085834500
14.620000000	0.085865500
14.550000000	0.085465000
14.500000000	0.085516500
14.450000000	0.085078000
14.900000000	0.085164500
15.360000000	0.086407500
15.510000000	0.086307000
14.990000000	0.086020000
14.830000000	0.085544000
14.930000000	0.085321500
15.480000000	0.085856000
16.470000000	0.087389000
17.460000000	0.089205500
18.190000000	0.091292500
18.910000000	0.093838000
19.610000000	0.096541000
20.270000000	0.099392500
21.000000000	0.102598500
21.610000000	0.105989000
22.210000000	0.109610000
22.810000000	0.113356500
23.500000000	0.117432500
23.950000000	0.120975500
24.510000000	0.124922000
24.930000000	0.128927000
25.430000000	0.133045500
25.950000000	0.137178000
26.400000000	0.141327500
26.800000000	0.145614500
27.170000000	0.149674500
27.620000000	0.153846000
27.960000000	0.158114500
28.380000000	0.162511000
28.870000000	0.166622500
29.220000000	0.170995500
29.560000000	0.175257500
29.840000000	0.179298000
30.120000000	0.183742000
30.380000000	0.188128000
30.690000000	0.192648500
31.000000000	0.197089500
31.450000000	0.201753000
31.790000000	0.206399000
32.090000000	0.210845000
32.390000000	0.215757500
32.770000000	0.220852500
33.040000000	0.226127500
33.280000000	0.231686000
33.640000000	0.237736500
33.910000000	0.243374000
34.180000000	0.249941000
34.440000000	0.257128500
34.920000000	0.264862500
35.370000000	0.273338500
35.760000000	0.282598000
36.090000000	0.292892000
36.570000000	0.303266500
37.030000000	0.315629000
37.530000000	0.329369000
38.080000000	0.344313000
38.830000000	0.360517500
39.390000000	0.377992000
39.920000000	0.394571500
40.820000000	0.413401500
41.550000000	0.432382000
42.270000000	0.451040500
42.930000000	0.469009500
43.830000000	0.485788500
44.450000000	0.501543000
45.080000000	0.514817000
45.750000000	0.528363500
46.560000000	0.540722500
47.170000000	0.551587000
47.790000000	0.561028500
48.550000000	0.569161500
49.120000000	0.575396500
49.660000000	0.581277000
50.150000000	0.586307000
50.760000000	0.590496500
51.240000000	0.593959000
51.700000000	0.596957000
52.300000000	0.599081500
52.810000000	0.601225000
53.180000000	0.602995500
53.490000000	0.604426000
54.000000000	0.605675000
54.500000000	0.606666500
54.910000000	0.607435000
55.250000000	0.608151500
55.680000000	0.608734500
55.960000000	0.609122000
56.210000000	0.609471500
56.590000000	0.609672500
56.820000000	0.609896000
57.150000000	0.610135500
57.580000000	0.610277000
57.940000000	0.610255000
58.110000000	0.610329000
58.380000000	0.610286000
58.670000000	0.610257000
59.010000000	0.610227500
59.180000000	0.610187000
59.290000000	0.610117000
59.550000000	0.609976500
59.790000000	0.609894500
60.040000000	0.609729500
60.200000000	0.609497500
60.410000000	0.609321000
60.540000000	0.609204000
60.730000000	0.609005500
60.950000000	0.608737500
61.100000000	0.608594000
61.290000000	0.608339000
61.490000000	0.608036500
61.710000000	0.607989500
61.990000000	0.607711500
62.270000000	0.607392500
62.400000000	0.607133500
62.450000000	0.606884500
62.640000000	0.606578000
62.860000000	0.606308500
63.020000000	0.606126500
63.200000000	0.605849500
63.390000000	0.605484000
63.670000000	0.605222000
63.850000000	0.604886500
63.980000000	0.604630000
63.980000000	0.604336500
64.100000000	0.604071000
64.290000000	0.603710000
64.520000000	0.603452500
64.820000000	0.603060000
65.070000000	0.602703500
65.180000000	0.602359500
65.310000000	0.602154000
65.520000000	0.601805500
65.610000000	0.601425500
65.720000000	0.601053000
65.860000000	0.600755500
66.000000000	0.600452500
66.220000000	0.600114000
66.350000000	0.599769000
66.520000000	0.599407000
66.720000000	0.599132000
66.780000000	0.598713000
66.960000000	0.598382500
67.210000000	0.598019500
67.450000000	0.597753500
67.580000000	0.597388500
67.570000000	0.597056500
67.650000000	0.596700000
67.870000000	0.596295000
68.070000000	0.595906000
68.250000000	0.595593500
68.550000000	0.595249000
68.830000000	0.594877000
68.980000000	0.594537000
69.060000000	0.594152500
69.180000000	0.593795000
69.300000000	0.593443500
69.490000000	0.593178000
69.680000000	0.592802500
69.850000000	0.592369000
69.990000000	0.592041500
70.170000000	0.591668000
70.310000000	0.591244000
70.480000000	0.590944500
70.700000000	0.590612500
70.880000000	0.590250500
70.990000000	0.589909000
71.120000000	0.589555500
71.180000000	0.589162500
71.280000000	0.588824500
71.400000000	0.588606500
71.600000000	0.588265500
71.720000000	0.587844500
71.800000000	0.587480500
71.890000000	0.587102000
72.060000000	0.586737500
72.250000000	0.586517000
72.350000000	0.586170500
72.490000000	0.585763500
72.730000000	0.585459500
72.970000000	0.585104000
73.210000000	0.584778000
73.370000000	0.584509500
73.470000000	0.584245000
73.600000000	0.583786500
73.780000000	0.583500000
73.920000000	0.583207000
74.100000000	0.582860500
74.310000000	0.582612500
74.450000000	0.582330500
74.640000000	0.582048000
74.760000000	0.581697000
74.800000000	0.581374000
74.940000000	0.581075000
75.100000000	0.580806500
75.270000000	0.580476000
75.450000000	0.580437000
75.560000000	0.579951000
75.700000000	0.579681000
75.920000000	0.579361500
76.080000000	0.579117000
76.180000000	0.578862000
76.290000000	0.578579500
76.490000000	0.578420500
76.670000000	0.578121000
76.830000000	0.577904500
76.900000000	0.577644000
77.100000000	0.577356500
77.260000000	0.577113500
77.450000000	0.576951000
77.490000000	0.576701500
77.440000000	0.576450000
77.570000000	0.576220000
77.780000000	0.575896000
77.830000000	0.575804500
77.940000000	0.575531000
78.290000000	0.575377000
78.460000000	0.575206000
78.580000000	0.574899000
78.650000000	0.574706000
78.780000000	0.574511500
78.900000000	0.574308500
79.020000000	0.574206000
79.190000000	0.574021000
79.350000000	0.573770500
79.430000000	0.573621500
79.440000000	0.573463500
79.570000000	0.573288500
79.750000000	0.573010500
79.850000000	0.573051000
79.920000000	0.572745500
79.980000000	0.572647000
80.120000000	0.572491500
80.280000000	0.572361000
80.510000000	0.572191000
80.660000000	0.572063500
80.870000000	0.571924500
80.990000000	0.571709000
81.060000000	0.571596000
81.100000000	0.571453000
81.230000000	0.571315000
81.440000000	0.571219000
81.620000000	0.571038000
81.770000000	0.570880000
81.870000000	0.570875000
82.000000000	0.570734000
82.160000000	0.570584500
82.250000000	0.570438000
82.370000000	0.570349500
82.470000000	0.570341500
82.590000000	0.570089000
82.680000000	0.570185000
82.790000000	0.569996500
82.900000000	0.569965500
83.010000000	0.569713000
83.150000000	0.569773500
83.190000000	0.569609500
83.320000000	0.569582500
83.420000000	0.569523000
83.560000000	0.569464500
83.700000000	0.569399000
83.810000000	0.569325500
83.950000000	0.569230500
84.200000000	0.569171000
84.310000000	0.569083000
84.410000000	0.568999000
84.480000000	0.568916000
84.590000000	0.568938500
84.730000000	0.568868500
84.880000000	0.568753500
85.030000000	0.568695500
85.150000000	0.568682000
85.220000000	0.568607000
85.350000000	0.568539500
85.530000000	0.568505500
85.630000000	0.568385500
85.720000000	0.568360000
85.820000000	0.568337000
85.940000000	0.568280500
86.080000000	0.568172000
86.220000000	0.568161000
86.360000000	0.568084500
86.450000000	0.567995000
86.510000000	0.567896000
86.690000000	0.567790000
86.910000000	0.567632000
87.090000000	0.567547000
87.070000000	0.567419500
87.020000000	0.567276500
87.040000000	0.567102000
87.160000000	0.566910000
87.270000000	0.566696000
87.410000000	0.566492000
87.530000000	0.566274000
87.650000000	0.566103000
87.780000000	0.565854500
87.900000000	0.565513000
88.020000000	0.565236000
88.130000000	0.565055000
88.280000000	0.564659000
88.400000000	0.564424000
88.510000000	0.564135500
88.640000000	0.563844500
88.750000000	0.563477500
88.860000000	0.563103500
89.000000000	0.562768000
89.110000000	0.562407500
89.230000000	0.562039500
89.350000000	0.561569500
89.500000000	0.561118000
89.600000000	0.560753500
89.710000000	0.560298500
89.850000000	0.559867500
89.960000000	0.559387000
90.070000000	0.558956000
90.200000000	0.558482000
90.310000000	0.557898500
90.420000000	0.557444500
90.530000000	0.556929500
90.660000000	0.556388500
90.780000000	0.555913500
90.880000000	0.555470500
91.010000000	0.554947000
91.120000000	0.554436500
91.230000000	0.553933500
91.330000000	0.553425500
91.460000000	0.552921500
91.570000000	0.552407500
91.680000000	0.551974000
91.790000000	0.551488000
91.920000000	0.550987000
92.030000000	0.550442500
92.130000000	0.549933000
92.270000000	0.549445000
92.370000000	0.548987500
92.480000000	0.548500500
92.590000000	0.548025500
92.720000000	0.547511000
92.830000000	0.547022000
92.940000000	0.546543000
93.070000000	0.546022500
93.180000000	0.545617500
93.280000000	0.545313000
93.390000000	0.544648000
93.520000000	0.544142000
93.630000000	0.543671500
93.740000000	0.543211000
93.870000000	0.542790500
93.970000000	0.542322500
94.070000000	0.541852000
94.180000000	0.541371500
94.310000000	0.540920000
94.410000000	0.540463000
94.520000000	0.539996500
94.640000000	0.539609500
94.740000000	0.539141000
94.840000000	0.538740000
94.940000000	0.538298000
95.070000000	0.537862000
95.170000000	0.537398000
95.270000000	0.536998500
95.390000000	0.536535500
95.480000000	0.536093500
95.580000000	0.535650000
95.690000000	0.535157000
95.790000000	0.534724000
95.890000000	0.534286500
96.020000000	0.533899500
96.120000000	0.533469500
96.210000000	0.533055500
96.340000000	0.532588500
96.430000000	0.532155500
96.520000000	0.531709000
96.620000000	0.531323000
96.740000000	0.530921000
96.840000000	0.530461500
96.940000000	0.530038000
97.060000000	0.529585000
97.160000000	0.529177500
97.240000000	0.528778000
97.360000000	0.528477000
97.470000000	0.528031500
97.560000000	0.527624000
97.690000000	0.527173000
97.780000000	0.526777000
97.870000000	0.526374000
97.970000000	0.525978500
98.090000000	0.525637000
98.190000000	0.525196000
98.280000000	0.524694000
98.390000000	0.524358000
98.490000000	0.523969500
98.580000000	0.523580000
98.700000000	0.523223500
98.800000000	0.522810500
98.890000000	0.522382000
98.990000000	0.521968500
99.120000000	0.521549500
99.210000000	0.521152500
99.310000000	0.520734000
99.420000000	0.520391000
99.520000000	0.519966000
99.610000000	0.519572500
99.710000000	0.519167000
99.830000000	0.518772000
99.930000000	0.518419000
100.030000000	0.518064000
100.150000000	0.517653500
100.250000000	0.517234500
100.340000000	0.516820500
100.460000000	0.516455000
100.550000000	0.516079500
100.640000000	0.515656000
100.740000000	0.515359000
100.860000000	0.514975000
100.950000000	0.514576500
101.050000000	0.514135500
101.180000000	0.513787000
101.270000000	0.513446500
101.370000000	0.513085000
101.490000000	0.512731500
101.590000000	0.512366000
101.690000000	0.511964000
101.780000000	0.511596500
101.900000000	0.511303000
101.990000000	0.510894000
102.080000000	0.510581500
102.210000000	0.510051500
102.300000000	0.509828000
102.390000000	0.509472000
102.510000000	0.509163500
102.600000000	0.508855000
102.700000000	0.508483500
102.790000000	0.508080000
102.910000000	0.507758500
103.010000000	0.507670000
103.090000000	0.507074000
103.210000000	0.506727500
103.300000000	0.506401000
103.400000000	0.506112000
103.490000000	0.505771500
103.610000000	0.505431500
103.710000000	0.505067000
103.800000000	0.504753000
103.910000000	0.504367500
104.010000000	0.504076500
104.100000000	0.503787500
104.210000000	0.503419500
104.330000000	0.503086000
104.420000000	0.502755500
104.510000000	0.502458500
104.620000000	0.502116500
104.710000000	0.501823500
104.810000000	0.501490000
104.900000000	0.501126500
105.020000000	0.500744000
105.110000000	0.500439000
105.210000000	0.500117500
105.330000000	0.499786500
105.420000000	0.499527000
105.530000000	0.499129500
105.640000000	0.498814000
105.740000000	0.498472500
105.830000000	0.498119500
105.930000000	0.497853500
106.040000000	0.497599500
106.130000000	0.497220500
106.230000000	0.496928500
106.340000000	0.496601500
106.440000000	0.496270000
106.530000000	0.495965000
106.640000000	0.495618000
106.740000000	0.495378000
106.830000000	0.495084000
106.950000000	0.494695500
107.040000000	0.494420000
107.130000000	0.494167000
107.230000000	0.493793000
107.320000000	0.493568000
107.440000000	0.493322000
107.530000000	0.492979500
107.630000000	0.492650000
107.730000000	0.492330500
107.850000000	0.492062000
107.940000000	0.491742500
108.030000000	0.491498000
108.130000000	0.491191000
108.230000000	0.490839000
108.340000000	0.490581500
108.440000000	0.490280000
108.530000000	0.489929000
108.620000000	0.489616500
108.720000000	0.489404500
108.830000000	0.489090000
108.930000000	0.488826000
109.030000000	0.488499500
109.120000000	0.488233000
109.210000000	0.487925000
109.330000000	0.487658500
109.430000000	0.487375500
109.520000000	0.487087000
109.620000000	0.486813500
109.740000000	0.486501500
109.830000000	0.486181000
109.920000000	0.485910500
110.010000000	0.485736000
110.110000000	0.485460500
110.220000000	0.485154000
110.310000000	0.484913500
110.400000000	0.484617000
110.490000000	0.484308500
110.590000000	0.484096500
110.700000000	0.483869000
110.790000000	0.483636000
110.880000000	0.483289000
110.970000000	0.483026500
111.100000000	0.482774000
111.190000000	0.482500000
111.280000000	0.482303000
111.360000000	0.482005000
111.450000000	0.481763000
111.560000000	0.481487000
111.640000000	0.481176500
111.730000000	0.480938500
111.820000000	0.480661500
111.930000000	0.480350000
112.050000000	0.480169500
112.150000000	0.479828000
112.240000000	0.479583000
112.330000000	0.479294500
112.420000000	0.479071000
112.520000000	0.478797500
112.620000000	0.478605500
112.710000000	0.478297500
112.800000000	0.478014000
112.890000000	0.477764500
112.990000000	0.477548000
113.080000000	0.477249500
113.170000000	0.477070000
113.270000000	0.476817000
113.360000000	0.476590500
113.480000000	0.476308000
113.570000000	0.476061000
113.660000000	0.475781000
113.750000000	0.475550500
113.830000000	0.475358500
113.940000000	0.475114000
114.030000000	0.474845500
114.130000000	0.474586500
114.210000000	0.474358500
114.300000000	0.474079000
114.400000000	0.473926000
114.500000000	0.473699500
114.590000000	0.473393500
114.690000000	0.473133500
114.780000000	0.472876500
114.890000000	0.472610000
114.990000000	0.472384500
115.070000000	0.472218000
115.160000000	0.471932000
115.270000000	0.471665500
115.350000000	0.471425000
115.440000000	0.471158500
115.530000000	0.470923000
115.630000000	0.470709500
115.720000000	0.470464500
115.810000000	0.470240000
115.900000000	0.469974000
116.010000000	0.469725500
116.100000000	0.469442000
116.190000000	0.469228500
116.270000000	0.469063000
116.380000000	0.468750000
116.470000000	0.468518000
116.560000000	0.468263000
116.650000000	0.468009500
116.750000000	0.467793500
116.840000000	0.467523000
116.930000000	0.467329500
117.020000000	0.467076500
117.110000000	0.466859500
117.220000000	0.466602000
117.310000000	0.466345000
117.400000000	0.466110000
117.490000000	0.465999000
117.600000000	0.465747500
117.690000000	0.465477500
117.780000000	0.465221500
117.870000000	0.464970000
117.980000000	0.464755000
118.070000000	0.464512500
118.150000000	0.464397000
118.240000000	0.464117000
118.350000000	0.463878000
118.450000000	0.463642000
118.540000000	0.463389000
118.620000000	0.463134500
118.720000000	0.462930000
118.830000000	0.462758000
118.930000000	0.462499500
119.020000000	0.462232000
119.100000000	0.461995500
119.220000000	0.461768500
119.310000000	0.461525500
119.400000000	0.461440000
119.490000000	0.461210000
119.590000000	0.460913000
119.680000000	0.460669500
119.760000000	0.460443500
119.850000000	0.460259000
119.960000000	0.460032000
120.050000000	0.459877000
120.140000000	0.459623500
120.230000000	0.459411500
120.330000000	0.459180000
120.420000000	0.458956500
120.500000000	0.458732500
120.590000000	0.458604500
120.700000000	0.458330000
120.780000000	0.458140000
120.870000000	0.457844000
120.970000000	0.457656500
121.050000000	0.457459500
121.140000000	0.457228500
121.230000000	0.457122500
121.330000000	0.456829500
121.410000000	0.456622500
121.490000000	0.456402500
121.600000000	0.456212000
121.690000000	0.455974500
121.770000000	0.455768000
121.870000000	0.455650500
121.960000000	0.455395000
122.040000000	0.455170500
122.150000000	0.454963500
122.230000000	0.454744000
122.310000000	0.454562000
122.390000000	0.454454500
122.500000000	0.454211000
122.580000000	0.453973000
122.660000000	0.453773500
122.770000000	0.453560500
122.850000000	0.453356500
122.930000000	0.453170000
123.040000000	0.453042000
123.120000000	0.452795000
123.200000000	0.452607000
123.290000000	0.452390500
123.390000000	0.452188500
123.470000000	0.452005000
123.560000000	0.451829000
123.650000000	0.451661500
123.740000000	0.451411500
123.820000000	0.451227000
123.910000000	0.451017500
124.010000000	0.450839000
124.100000000	0.450619500
124.180000000	0.450515000
124.290000000	0.450297500
124.370000000	0.450078000
124.450000000	0.449860500
124.550000000	0.449666500
124.640000000	0.449473500
124.720000000	0.449287500
124.810000000	0.449130000
124.920000000	0.448952000
124.990000000	0.448722500
125.070000000	0.448515000
125.180000000	0.448390000
125.260000000	0.448151500
125.340000000	0.447957500
125.440000000	0.447824500
125.520000000	0.447608500
125.600000000	0.447433000
125.710000000	0.447273500
125.800000000	0.447045000
125.880000000	0.446872500
125.970000000	0.446739000
126.050000000	0.446550000
126.130000000	0.446368500
126.250000000	0.446152000
126.330000000	0.445989000
126.420000000	0.445831000
126.500000000	0.445631000
126.600000000	0.445511500
126.680000000	0.445351000
126.750000000	0.445135500
126.840000000	0.445026500
126.910000000	0.444809000
127.000000000	0.444641000
127.090000000	0.444455500
127.180000000	0.444326500
127.260000000	0.444126000
127.340000000	0.443953500
127.450000000	0.443792500
127.520000000	0.443606000
127.600000000	0.443427500
127.710000000	0.443258000
127.790000000	0.443086000
127.870000000	0.442922500
127.980000000	0.442748000
128.060000000	0.442598500
128.140000000	0.442437000
128.240000000	0.442274000
128.310000000	0.442092000
128.390000000	0.441932500
128.480000000	0.441769500
128.590000000	0.441611500
128.670000000	0.441422000
128.750000000	0.441250000
128.860000000	0.441094500
128.940000000	0.440918000
129.010000000	0.440789000
129.090000000	0.440648500
129.190000000	0.440473500
129.270000000	0.440289000
129.350000000	0.440152500
129.450000000	0.440012000
129.520000000	0.439843000
129.600000000	0.439671000
129.710000000	0.439541500
129.790000000	0.439364500
129.870000000	0.439198000
129.970000000	0.439054500
130.050000000	0.438910000
130.140000000	0.438740000
130.220000000	0.438595500
130.320000000	0.438416000
130.410000000	0.438264000
130.490000000	0.438103000
130.600000000	0.437968000
130.680000000	0.437800000
130.760000000	0.437648000
130.860000000	0.437493500
130.950000000	0.437353500
131.020000000	0.437179500
131.130000000	0.437001500
131.210000000	0.436871000
131.290000000	0.436721000
131.370000000	0.436564500
131.470000000	0.436400000
131.560000000	0.436250500
131.650000000	0.436100000
131.760000000	0.435955500
131.840000000	0.435787500
131.910000000	0.435652500
132.000000000	0.435523500
132.100000000	0.435331500
132.180000000	0.435182000
132.270000000	0.435047500
132.380000000	0.434865500
132.460000000	0.434749500
132.550000000	0.434619000
132.630000000	0.434455000
132.730000000	0.434293000
132.830000000	0.434088500
132.920000000	0.434025000
133.010000000	0.433871000
133.090000000	0.433736000
133.170000000	0.433594500
133.250000000	0.433430000
133.350000000	0.433287500
133.430000000	0.433159500
133.520000000	0.433015500
133.620000000	0.432897000
133.700000000	0.432773000
133.780000000	0.432580000
133.870000000	0.432475000
133.970000000	0.432319500
134.050000000	0.432208500
134.130000000	0.432019000
134.230000000	0.431907000
134.310000000	0.431772500
134.390000000	0.431605000
134.500000000	0.431445000
134.580000000	0.431349500
134.660000000	0.431246500
134.750000000	0.431069000
134.840000000	0.430941500
134.920000000	0.430802500
135.000000000	0.430655000
135.110000000	0.430530500
135.180000000	0.430395500
135.260000000	0.430250500
135.360000000	0.430124500
135.440000000	0.429984000
135.530000000	0.429818000
135.610000000	0.429670500
135.710000000	0.429592000
135.790000000	0.429423000
135.870000000	0.429321500
135.980000000	0.429206500
136.060000000	0.429028500
136.140000000	0.428903500
136.240000000	0.428831000
136.320000000	0.428668000
136.400000000	0.428498500
136.480000000	0.428393000
136.580000000	0.428278500
136.660000000	0.428105000
136.740000000	0.428010500
136.840000000	0.427852500
136.920000000	0.427807000
137.000000000	0.427592500
137.100000000	0.427519500
137.190000000	0.427371500
137.260000000	0.427227500
137.340000000	0.427132500
137.440000000	0.426990000
137.520000000	0.426833500
137.600000000	0.426723500
137.700000000	0.426602000
137.780000000	0.426453500
137.860000000	0.426358000
137.930000000	0.426261500
138.030000000	0.426099500
138.120000000	0.425979500
138.200000000	0.425844000
138.300000000	0.425746000
138.370000000	0.425543000
138.450000000	0.425483500
138.550000000	0.425383500
138.630000000	0.425275000
138.710000000	0.425138000
138.790000000	0.425030000
138.890000000	0.424915000
138.970000000	0.424764000
139.050000000	0.424691500
139.140000000	0.424558500
139.220000000	0.424404500
139.300000000	0.424299000
139.410000000	0.424199000
139.490000000	0.424044000
139.570000000	0.423961500
139.650000000	0.423865500
139.750000000	0.423749500
139.830000000	0.423607500
139.910000000	0.423564500
140.000000000	0.423391500
140.080000000	0.423313500
140.150000000	0.423191500
140.250000000	0.423085000
140.320000000	0.422927000
140.410000000	0.422856500
140.500000000	0.422736500
140.570000000	0.422622500
140.650000000	0.422502500
140.740000000	0.422414500
140.810000000	0.422299500
140.880000000	0.422140500
140.980000000	0.422052500
141.050000000	0.421934000
141.130000000	0.421799000
141.220000000	0.421769500
141.300000000	0.421603500
141.390000000	0.421519500
141.480000000	0.421364500
141.550000000	0.421299500
141.620000000	0.421167500
141.710000000	0.421030500
141.780000000	0.420972500
141.860000000	0.420876500
141.950000000	0.420715000
142.030000000	0.420616000
142.100000000	0.420505000
142.200000000	0.420383000
142.270000000	0.420337500
142.350000000	0.420208000
142.450000000	0.420108000
142.520000000	0.419945500
142.590000000	0.419870500
142.690000000	0.419750000
142.770000000	0.419619500
142.850000000	0.419581500
142.950000000	0.419436500
143.020000000	0.419320000
143.100000000	0.419228000
143.200000000	0.419125500
143.280000000	0.418985500
143.360000000	0.418953000
143.460000000	0.418818000
143.530000000	0.418714500
143.610000000	0.418583000
143.680000000	0.418494000
143.780000000	0.418375000
143.850000000	0.418269500
143.930000000	0.418247500
144.020000000	0.418103500
144.100000000	0.417952500
144.180000000	0.417846500
144.280000000	0.417800500
144.350000000	0.417662000
144.440000000	0.417553500
144.530000000	0.417467000
144.600000000	0.417371000
144.680000000	0.417224500
144.790000000	0.417136500
144.860000000	0.417027500
144.940000000	0.416917500
145.010000000	0.416833000
145.110000000	0.416732500
145.180000000	0.416639000
145.280000000	0.416497500
145.360000000	0.416456500
145.440000000	0.416309000
145.510000000	0.416230000
145.600000000	0.416146000
145.680000000	0.416049000
145.760000000	0.415916500
145.860000000	0.415822500
145.930000000	0.415748500
146.010000000	0.415643500
146.110000000	0.415549500
146.190000000	0.415442000
146.270000000	0.415374000
146.360000000	0.415241500
146.430000000	0.415184000
146.510000000	0.415063500
146.600000000	0.415023500
146.680000000	0.414910000
146.760000000	0.414820500
146.840000000	0.414678500
146.940000000	0.414583500
147.010000000	0.414541500
147.080000000	0.414381500
147.180000000	0.414338000
147.260000000	0.414231000
147.330000000	0.414140500
147.430000000	0.414005000
147.500000000	0.413941500
147.580000000	0.413820000
147.670000000	0.413861000
147.750000000	0.413699500
147.830000000	0.413593500
147.910000000	0.413461500
148.000000000	0.413383500
148.080000000	0.413297500
148.160000000	0.413176000
148.250000000	0.413072000
148.330000000	0.413039500
148.410000000	0.412955000
148.500000000	0.412864000
148.570000000	0.412734000
148.650000000	0.412690000
148.750000000	0.412597000
148.830000000	0.412481000
148.910000000	0.412425500
148.990000000	0.412336000
149.080000000	0.412204000
149.150000000	0.412152000
149.230000000	0.412055000
149.320000000	0.411992000
149.400000000	0.411910000
149.470000000	0.411820500
149.570000000	0.411701000
149.640000000	0.411591500
149.720000000	0.411578000
149.820000000	0.411474000
149.900000000	0.411366500
149.980000000	0.411318500
150.050000000	0.411222000
150.150000000	0.411109000
150.220000000	0.411037500
150.300000000	0.410913000
150.390000000	0.410893500
150.460000000	0.410780000
150.540000000	0.410712000
150.630000000	0.410629500
150.700000000	0.410510500
150.770000000	0.410469500
150.870000000	0.410387000
150.950000000	0.410306000
151.020000000	0.410206500
151.120000000	0.410134500
151.190000000	0.410008500
151.270000000	0.409948000
151.360000000	0.409847000
151.440000000	0.409828000
151.510000000	0.409723000
151.610000000	0.409651000
151.680000000	0.409564500
151.760000000	0.409463000
151.850000000	0.409411000
151.930000000	0.409295000
152.010000000	0.409273000
152.090000000	0.409134500
152.180000000	0.409050500
152.250000000	0.408922000
152.330000000	0.408945000
152.430000000	0.408828000
152.510000000	0.408768000
152.590000000	0.408724500
152.670000000	0.408590500
152.740000000	0.408533500
152.810000000	0.408433000
152.910000000	0.408366000
152.990000000	0.408308000
153.080000000	0.408224500
153.210000000	0.408095500
153.300000000	0.407987500
153.400000000	0.407922000
153.510000000	0.407788000
153.640000000	0.407694000
153.750000000	0.407618500
153.860000000	0.407502500
154.000000000	0.407421000
154.110000000	0.407322000
154.220000000	0.407227000
154.370000000	0.407138500
154.480000000	0.407048000
154.600000000	0.406940500
154.740000000	0.406803500
154.860000000	0.406724500
154.970000000	0.406596000
155.120000000	0.406497500
155.240000000	0.406417500
155.350000000	0.406333000
155.500000000	0.406176000
155.620000000	0.406085500
155.740000000	0.405943000
155.860000000	0.405837500
156.010000000	0.405735500
156.130000000	0.405620500
156.250000000	0.405593500
156.400000000	0.405447500
156.520000000	0.405320000
156.640000000	0.405190000
156.760000000	0.405083000
156.910000000	0.405027000
157.030000000	0.404876500
157.150000000	0.404744500
157.300000000	0.404680500
157.420000000	0.404557000
157.550000000	0.404435500
157.690000000	0.404346500
157.810000000	0.404237500
157.920000000	0.404157500
158.040000000	0.404061000
158.190000000	0.403910500
158.320000000	0.403811000
158.430000000	0.403718000
158.580000000	0.403637500
158.690000000	0.403517000
158.810000000	0.403436500
158.960000000	0.403302000
159.080000000	0.403212500
159.200000000	0.403089000
159.310000000	0.402991000
159.460000000	0.402950500
159.580000000	0.402789500
159.700000000	0.402699500
159.840000000	0.402587000
159.960000000	0.402515500
160.080000000	0.402405500
160.220000000	0.402306500
160.340000000	0.402206500
160.460000000	0.402130000
160.610000000	0.402033000
160.720000000	0.401923000
160.840000000	0.401837000
160.960000000	0.401735000
161.100000000	0.401660500
161.220000000	0.401583000
161.340000000	0.401445500
161.490000000	0.401379500
161.600000000	0.401244500
161.720000000	0.401151000
161.870000000	0.401137000
161.990000000	0.401000500
162.100000000	0.400878500
162.220000000	0.400825500
162.360000000	0.400726000
162.480000000	0.400598500
162.600000000	0.400546500
162.760000000	0.400482500
162.870000000	0.400349000
162.990000000	0.400259500
163.130000000	0.400204000
163.240000000	0.400120000
163.360000000	0.400033000
163.490000000	0.399938000
163.610000000	0.399825000
163.710000000	0.399774500
163.830000000	0.399649000
163.970000000	0.399471500
164.080000000	0.399524000
164.200000000	0.399458000
164.350000000	0.399414000
164.460000000	0.399285500
164.580000000	0.399195000
164.720000000	0.399110500
164.830000000	0.399030000
164.940000000	0.398924000
165.080000000	0.398854500
165.190000000	0.398767500
165.300000000	0.398728000
165.440000000	0.398618000
165.540000000	0.398561500
165.650000000	0.398459500
165.790000000	0.398387500
165.900000000	0.398346000
166.020000000	0.398237500
166.150000000	0.398165000
166.260000000	0.398111000
166.360000000	0.398002500
166.490000000	0.397922000
166.600000000	0.397862000
166.710000000	0.397825000
166.850000000	0.397723500
166.960000000	0.397630000
167.050000000	0.397586500
167.180000000	0.397503500
167.280000000	0.397428500
167.390000000	0.397340000
167.520000000	0.397292000
167.640000000	0.397212500
167.750000000	0.397122000
167.880000000	0.397049500
167.990000000	0.396977000
168.100000000	0.396887500
168.240000000	0.396858000
168.340000000	0.396800500
168.450000000	0.396707000
168.580000000	0.396661500
168.690000000	0.396596000
168.790000000	0.396503000
168.920000000	0.396444500
169.030000000	0.396376000
169.140000000	0.396300500
169.270000000	0.396235500
169.370000000	0.396163500
169.480000000	0.396117500
169.620000000	0.396041000
169.720000000	0.395979000
169.830000000	0.395972500
169.940000000	0.395839000
170.070000000	0.395811500
170.170000000	0.395747000
170.280000000	0.395692500
170.410000000	0.395621000
170.520000000	0.395545000
170.630000000	0.395483000
170.750000000	0.395416000
170.860000000	0.395344000
170.970000000	0.395317500
171.100000000	0.395221000
171.200000000	0.395213500
171.300000000	0.395148000
171.420000000	0.395080000
171.530000000	0.394985000
171.630000000	0.394965000
171.740000000	0.394908500
171.880000000	0.394826000
171.990000000	0.394766000
172.090000000	0.394694500
172.200000000	0.394640000
172.330000000	0.394573500
172.440000000	0.394552000
172.540000000	0.394468500
172.650000000	0.394439000
172.760000000	0.394380500
172.890000000	0.394323000
173.010000000	0.394271500
173.110000000	0.394220000
173.210000000	0.394165000
173.340000000	0.394096500
173.450000000	0.394054500
173.550000000	0.394006000
173.650000000	0.393944000
173.750000000	0.393917500
173.880000000	0.393862000
173.980000000	0.393791000
174.090000000	0.393734500
174.190000000	0.393783000
174.320000000	0.393639500
174.420000000	0.393582000
174.520000000	0.393582500
174.630000000	0.393508000
174.760000000	0.393415000
174.860000000	0.393386000
174.960000000	0.393345000
175.070000000	0.393284500
175.200000000	0.393227500
175.300000000	0.393171000
175.400000000	0.393133500
175.500000000	0.393091500
175.630000000	0.393043000
175.730000000	0.393002500
175.820000000	0.392949000
175.930000000	0.392895500
176.060000000	0.392842000
176.160000000	0.392741500
176.260000000	0.392775500
176.360000000	0.392786500
176.480000000	0.392684500
176.580000000	0.392636000
176.690000000	0.392566000
176.790000000	0.392559500
176.920000000	0.392497000
177.020000000	0.392456500
177.110000000	0.392409500
177.210000000	0.392376000
177.310000000	0.392318500
177.420000000	0.392284500
177.520000000	0.392225000
177.620000000	0.392166000
177.720000000	0.392260500
177.860000000	0.392096000
177.970000000	0.392060500
178.080000000	0.392020500
178.180000000	0.392008500
178.310000000	0.391920000
178.420000000	0.391877000
178.510000000	0.391866000
178.620000000	0.391793500
178.750000000	0.391774000
178.850000000	0.391728000
178.950000000	0.391703000
179.050000000	0.391616000
179.170000000	0.391583500
179.270000000	0.391553000
179.380000000	0.391501000
179.480000000	0.391501000
179.610000000	0.391455000
179.700000000	0.391384000
179.790000000	0.391355500
179.890000000	0.391371500
180.020000000	0.391257500
180.120000000	0.391252500
180.220000000	0.391207500
180.310000000	0.391155000
180.440000000	0.391115000
180.540000000	0.391075000
180.630000000	0.391045000
180.730000000	0.390986000
180.850000000	0.390984500
180.950000000	0.390987000
181.050000000	0.390879500
181.170000000	0.390842500
181.270000000	0.390891500
181.360000000	0.390784500
181.480000000	0.390752500
181.580000000	0.390716000
181.680000000	0.390699000
181.800000000	0.390647000
181.890000000	0.390611500
181.990000000	0.390564000
182.090000000	0.390519000
182.210000000	0.390459500
182.300000000	0.390481500
182.400000000	0.390405000
182.520000000	0.390363000
182.620000000	0.390360000
182.720000000	0.390327000
182.840000000	0.390326500
182.930000000	0.390284500
183.020000000	0.390252500
183.120000000	0.390172000
183.240000000	0.390148500
183.330000000	0.390115000
183.430000000	0.390055500
183.550000000	0.390054000
183.650000000	0.390049000
183.750000000	0.390017000
183.860000000	0.389944500
183.960000000	0.389926500
184.060000000	0.389895500
184.180000000	0.389922000
184.270000000	0.389696000
184.370000000	0.389829000
184.460000000	0.389815000
184.570000000	0.389730500
184.660000000	0.389783500
184.760000000	0.389672500
184.880000000	0.389677000
184.970000000	0.389660500
185.060000000	0.389628000
185.180000000	0.389538500
185.270000000	0.389544500
185.360000000	0.389525000
185.480000000	0.389495500
185.580000000	0.389435500
185.680000000	0.389476000
185.790000000	0.389430500
185.870000000	0.389382500
185.970000000	0.389350000
186.060000000	0.389319000
186.180000000	0.389306500
186.270000000	0.389286000
186.370000000	0.389276500
186.480000000	0.389215000
186.580000000	0.389194500
186.680000000	0.389169000
186.800000000	0.389149500
186.890000000	0.389133000
186.980000000	0.389152000
187.090000000	0.389099500
187.180000000	0.389036500
187.270000000	0.389026500
187.390000000	0.388986000
187.480000000	0.388983000
187.570000000	0.388971000
187.690000000	0.388955000
187.790000000	0.388896000
187.880000000	0.388876500
187.990000000	0.388869000
188.090000000	0.388859500
188.180000000	0.388833000
188.270000000	0.388819000
188.380000000	0.388809500
188.470000000	0.388727000
188.560000000	0.388710000
188.680000000	0.388684000
188.770000000	0.388696500
188.860000000	0.388674500
188.970000000	0.388680500
189.060000000	0.388557500
189.150000000	0.388589000
189.270000000	0.388571500
189.360000000	0.388561500
189.450000000	0.388551500
189.560000000	0.388548000
189.650000000	0.388528000
189.740000000	0.388470000
189.830000000	0.388451500
189.950000000	0.388416000
190.040000000	0.388423500
190.130000000	0.388404500
190.250000000	0.388388000
190.340000000	0.388382500
190.430000000	0.388313000
190.540000000	0.388325000
190.630000000	0.388277500
190.720000000	0.388298000
190.810000000	0.388302000
190.920000000	0.388271500
191.020000000	0.388234000
191.110000000	0.388213000
191.220000000	0.388184000
191.320000000	0.388194000
191.400000000	0.388186500
191.510000000	0.388143500
191.600000000	0.388167500
191.690000000	0.388103500
191.780000000	0.388090000
191.890000000	0.388075500
191.980000000	0.388082500
192.070000000	0.388062000
192.190000000	0.388062000
192.270000000	0.388049000
192.360000000	0.387993500
192.480000000	0.388048000
192.570000000	0.387939500
192.660000000	0.387970500
192.780000000	0.387960000
192.860000000	0.387943500
192.960000000	0.387896000
193.040000000	0.387886500
193.160000000	0.387870000
193.250000000	0.387872500
193.340000000	0.387854000
193.460000000	0.387853000
193.550000000	0.387848500
193.630000000	0.387797500
193.740000000	0.387797500
193.840000000	0.387785000
193.930000000	0.387772000
194.020000000	0.387778000
194.130000000	0.387767500
194.220000000	0.387726000
194.310000000	0.387726500
194.420000000	0.387716000
194.510000000	0.387699500
194.600000000	0.387694500
194.690000000	0.387691500
194.810000000	0.387642000
194.890000000	0.387628500
194.990000000	0.387642000
195.090000000	0.387623000
195.180000000	0.387619000
195.270000000	0.387612000
195.370000000	0.387609000
195.460000000	0.387617000
195.540000000	0.387544500
195.650000000	0.387523000
195.740000000	0.387543500
195.840000000	0.387536000
195.930000000	0.387540500
196.020000000	0.387533500
196.120000000	0.387475500
196.210000000	0.387473500
196.290000000	0.387478000
196.400000000	0.387468000
196.480000000	0.387489000
196.570000000	0.387466000
196.680000000	0.387475500
196.770000000	0.387403000
196.850000000	0.387387500
196.960000000	0.387405500
197.050000000	0.387385000
197.130000000	0.387393000
197.240000000	0.387400000
197.330000000	0.387352000
197.410000000	0.387360500
197.520000000	0.387346500
197.600000000	0.387360000
197.680000000	0.387342500
197.790000000	0.387334000
197.880000000	0.387320500
197.960000000	0.387295000
198.060000000	0.387275500
198.140000000	0.387279500
198.220000000	0.387293500
198.330000000	0.387287000
198.410000000	0.387283000
198.500000000	0.387241500
198.610000000	0.387239500
198.690000000	0.387244000
198.780000000	0.387241500
198.880000000	0.387246500
198.970000000	0.387244000
199.060000000	0.387244000
199.160000000	0.387187500
199.250000000	0.387169500
199.330000000	0.387182000
199.440000000	0.387184500
199.530000000	0.387192500
199.610000000	0.387190000
199.710000000	0.387143500
199.800000000	0.387142000
199.880000000	0.387149000
199.990000000	0.387155000
200.100000000	0.387148500
200.200000000	0.387167500
200.300000000	0.387148500
200.300000000	0.387102500
200.400000000	0.387121500
200.500000000	0.387113500
200.600000000	0.387124500
200.700000000	0.387119500
200.800000000	0.387135500
200.900000000	0.387087500
201.000000000	0.387064500
201.100000000	0.387087500
201.200000000	0.387085000
201.300000000	0.387099500
201.400000000	0.387090500
201.400000000	0.387097000
201.500000000	0.387040000
201.600000000	0.387052000
201.700000000	0.387048500
201.800000000	0.387044000
201.900000000	0.387076500
202.000000000	0.387071500
202.100000000	0.387023500
202.200000000	0.387028000
202.300000000	0.387032000
202.300000000	0.387037000
202.400000000	0.387059000
202.500000000	0.387051000
202.600000000	0.387051000
202.700000000	0.386989000
202.800000000	0.387004000
202.900000000	0.387019000
203.000000000	0.387023500
203.100000000	0.387024000
203.200000000	0.387036000
203.300000000	0.386983000
203.300000000	0.386982500
203.400000000	0.386966000
203.500000000	0.386981500
203.600000000	0.387002000
203.700000000	0.387016500
203.800000000	0.387024000
203.900000000	0.386971000
204.000000000	0.386989500
204.100000000	0.386991500
204.100000000	0.386999500
204.200000000	0.387001500
204.300000000	0.387009000
204.400000000	0.387011500
204.500000000	0.386960500
204.600000000	0.386967000
204.700000000	0.386968000
204.800000000	0.386972000
204.900000000	0.386991500
205.000000000	0.386997500
205.100000000	0.386949000
205.200000000	0.386944500
205.200000000	0.386967500
205.300000000	0.386970000
205.400000000	0.386976000
205.500000000	0.386991000
205.600000000	0.386938000
205.700000000	0.386958000
205.800000000	0.386931500
205.900000000	0.386967500
206.000000000	0.386991000
206.000000000	0.387003000
206.100000000	0.386998000
206.200000000	0.386941000
206.300000000	0.386946500
206.400000000	0.386965000
206.500000000	0.386974500
206.600000000	0.386976500
206.700000000	0.387001000
206.800000000	0.386966500
206.900000000	0.386968500
207.000000000	0.386976000
207.000000000	0.386997500
207.100000000	0.387005000
207.200000000	0.387006500
207.300000000	0.387026000
207.400000000	0.386961000
207.500000000	0.386968000
207.600000000	0.387000500
207.700000000	0.386984000
207.800000000	0.386994500
207.900000000	0.387000500
207.900000000	0.387013000
208.000000000	0.386973500
208.100000000	0.386989500
208.200000000	0.386999500
208.300000000	0.387007500
208.400000000	0.387027000
208.500000000	0.387036500
208.600000000	0.386994000
208.700000000	0.387006000
208.700000000	0.387023500
208.800000000	0.387037500
208.900000000	0.387041000
209.000000000	0.387064500
209.100000000	0.387081500
209.200000000	0.387034500
209.300000000	0.387044500
209.400000000	0.387051500
209.500000000	0.387064500
209.600000000	0.387078500
209.600000000	0.387084500
209.700000000	0.387044500
209.800000000	0.387071500
209.900000000	0.387069000
210.000000000	0.387093500
210.100000000	0.387107500
210.200000000	0.387120000
210.300000000	0.387136500
210.400000000	0.387078000
210.400000000	0.387095500
210.500000000	0.387103000
210.600000000	0.387121000
210.700000000	0.387138500
210.800000000	0.387142500
210.900000000	0.387107000
211.000000000	0.387129500
211.100000000	0.387152500
211.200000000	0.387189000
211.300000000	0.387164000
211.400000000	0.387183500
211.400000000	0.387193000
211.500000000	0.387133000
211.600000000	0.387237500
211.700000000	0.387178000
211.800000000	0.387202000
211.900000000	0.387214500
212.000000000	0.387227500
212.100000000	0.387176500
212.200000000	0.387181000
212.300000000	0.387205500
212.300000000	0.387218000
212.400000000	0.387247000
212.500000000	0.387251500
212.600000000	0.387263500
212.700000000	0.387232000
212.800000000	0.387206500
212.900000000	0.387235500
213.000000000	0.387258000
213.100000000	0.387280000
213.200000000	0.387301000
213.200000000	0.387264500
213.300000000	0.387276000
213.400000000	0.387301500
213.500000000	0.387299000
213.600000000	0.387323000
213.700000000	0.387336000
213.800000000	0.387352500
213.900000000	0.387303000
214.000000000	0.387319500
214.100000000	0.387346000
214.100000000	0.387357500
214.200000000	0.387387000
214.300000000	0.387389500
214.400000000	0.387426000
214.500000000	0.387383500
214.600000000	0.387396000
214.700000000	0.387429000
214.800000000	0.387441500
214.900000000	0.387462000
215.000000000	0.387469000
215.100000000	0.387481500
215.100000000	0.387419000
215.200000000	0.387448000
215.300000000	0.387476500
215.400000000	0.387499000
215.500000000	0.387506500
215.600000000	0.387529500
215.700000000	0.387482000
215.800000000	0.387487500
215.900000000	0.387510000
216.000000000	0.387531000
216.000000000	0.387551000
216.100000000	0.387559000
216.200000000	0.387588500
216.300000000	0.387554500
216.400000000	0.387560000
216.500000000	0.387583000
216.600000000	0.387602500
216.700000000	0.387621500
216.800000000	0.387651000
216.900000000	0.387606500
216.900000000	0.387614500
217.100000000	0.387642500
217.100000000	0.387670500
217.200000000	0.387680500
217.300000000	0.387695500
217.400000000	0.387718000
217.500000000	0.387679500
217.600000000	0.387705000
217.700000000	0.387725000
217.800000000	0.387751500
217.900000000	0.387778000
218.000000000	0.387781000
218.000000000	0.387803500
218.200000000	0.387734000
218.200000000	0.387777500
218.300000000	0.387794500
218.400000000	0.387817500
218.500000000	0.387841000
218.600000000	0.387865500
218.700000000	0.387875000
218.800000000	0.387851500
218.900000000	0.387860000
219.000000000	0.387879500
219.100000000	0.387908000
219.100000000	0.387932500
219.300000000	0.387942500
219.300000000	0.387973000
219.400000000	0.387920500
219.500000000	0.387938500
219.600000000	0.387952500
219.700000000	0.387974500
219.800000000	0.388002000
219.900000000	0.388022000
220.000000000	0.388079000
220.100000000	0.388018500
220.200000000	0.388032500
220.200000000	0.388052000
220.300000000	0.388075500
220.400000000	0.388107500
220.500000000	0.388124000
220.600000000	0.388069000
220.700000000	0.388114000
220.800000000	0.388136000
220.900000000	0.388160000
221.000000000	0.388176500
221.100000000	0.388207500
221.200000000	0.388141500
221.300000000	0.388167500
221.400000000	0.388204500
221.400000000	0.388216500
221.600000000	0.388254500
221.600000000	0.388275000
221.700000000	0.388238000
221.800000000	0.388265500
221.900000000	0.388293500
222.000000000	0.388317000
222.100000000	0.388322500
222.200000000	0.388363500
222.300000000	0.388388000
222.400000000	0.388319500
222.500000000	0.388369500
222.600000000	0.388391500
222.700000000	0.388405000
222.800000000	0.388428500
222.900000000	0.388453000
222.900000000	0.388431500
223.100000000	0.388444500
223.100000000	0.388480000
223.200000000	0.388498500
223.300000000	0.388541500
223.400000000	0.388553500
223.500000000	0.388584500
223.600000000	0.388515000
223.700000000	0.388545500
223.800000000	0.388576500
223.900000000	0.388611500
224.000000000	0.388632500
224.100000000	0.388654500
224.200000000	0.388677000
224.300000000	0.388627500
224.400000000	0.388645000
224.500000000	0.388676500
224.500000000	0.388693500
224.700000000	0.388732500
224.700000000	0.388754500
224.800000000	0.388710500
224.900000000	0.388745500
225.000000000	0.388765500
225.100000000	0.388800000
225.200000000	0.388816500
225.300000000	0.388851000
225.400000000	0.388868500
225.500000000	0.388805000
225.600000000	0.388853000
225.700000000	0.388867500
225.800000000	0.388878000
225.900000000	0.388923500
226.000000000	0.388945500
226.100000000	0.388904500
226.200000000	0.388938500
226.200000000	0.388957000
226.300000000	0.388984500
226.400000000	0.388999500
226.500000000	0.389027500
226.600000000	0.389049000
226.700000000	0.388992500
226.800000000	0.389025500
226.900000000	0.389056500
227.000000000	0.389097500
227.100000000	0.389109000
227.200000000	0.389148500
227.300000000	0.389169000
227.400000000	0.389149500
227.500000000	0.389175000
227.600000000	0.389195500
227.700000000	0.389214500
227.800000000	0.389241500
227.900000000	0.389279500
228.000000000	0.389212000
228.100000000	0.389241500
228.200000000	0.389285000
228.300000000	0.389312000
228.300000000	0.389335000
228.400000000	0.389362000
228.600000000	0.389388500
228.600000000	0.389328500
228.700000000	0.389364000
228.900000000	0.389399000
229.000000000	0.389422000
229.000000000	0.389450000
229.200000000	0.389481000
229.200000000	0.389530500
229.300000000	0.389505500
229.400000000	0.389539000
229.500000000	0.389564500
229.600000000	0.389591000
229.700000000	0.389627500
229.800000000	0.389640500
229.900000000	0.389677500
230.000000000	0.389618000
230.100000000	0.389669000
230.200000000	0.389691000
230.300000000	0.389741000
230.400000000	0.389778000
230.500000000	0.389792000
230.600000000	0.389736000
230.700000000	0.389752000
230.800000000	0.389789500
230.900000000	0.389827000
231.000000000	0.389861500
231.100000000	0.389890500
231.200000000	0.389859500
231.300000000	0.389889500
231.400000000	0.389915500
231.400000000	0.389954000
231.500000000	0.389967000
231.600000000	0.390011500
231.700000000	0.390029000
231.800000000	0.389996000
231.900000000	0.390013000
232.000000000	0.390065000
232.100000000	0.390096500
232.200000000	0.390117500
232.300000000	0.390155000
232.400000000	0.390187000
232.500000000	0.390127500
232.600000000	0.390156500
232.700000000	0.390179500
232.800000000	0.390218500
232.900000000	0.390247000
233.000000000	0.390278500
233.100000000	0.390250000
233.100000000	0.390275500
233.300000000	0.390303000
233.300000000	0.390341500
233.400000000	0.390386000
233.500000000	0.390408000
233.600000000	0.390440000
233.700000000	0.390388000
233.800000000	0.390409000
233.900000000	0.390449000
234.000000000	0.390483000
234.100000000	0.390510000
234.200000000	0.390546000
234.300000000	0.390569500
234.400000000	0.390560500
234.500000000	0.390608000
234.600000000	0.390265000
234.700000000	0.390281500
234.800000000	0.390315500
234.900000000	0.390348500
235.000000000	0.390283000
235.100000000	0.390306000
235.200000000	0.390347500
235.300000000	0.390391500
235.400000000	0.390425000
235.500000000	0.390449500
235.600000000	0.390438500
235.700000000	0.390474500
235.800000000	0.390507000
235.900000000	0.390524500
236.000000000	0.390565000
236.100000000	0.390599500
236.200000000	0.390628000
236.300000000	0.390580500
236.300000000	0.390612000
236.400000000	0.390649500
236.500000000	0.390663500
236.600000000	0.390716500
236.700000000	0.390737500
236.800000000	0.390778000
236.900000000	0.390757500
237.000000000	0.390789000
237.100000000	0.390825000
237.200000000	0.390846000
237.300000000	0.390904500
237.400000000	0.390927500
237.500000000	0.390861000
237.600000000	0.390886500
237.700000000	0.390940500
237.700000000	0.390952000
237.800000000	0.390987000
237.900000000	0.391017500
238.000000000	0.391058000
238.100000000	0.391000000
238.200000000	0.391037000
238.300000000	0.391084500
238.400000000	0.391114000
238.500000000	0.391146500
238.500000000	0.391163000
238.700000000	0.391161500
238.700000000	0.391185000
238.800000000	0.391214500
238.900000000	0.391249500
239.000000000	0.391273500
239.100000000	0.391310500
239.200000000	0.391334000
239.300000000	0.391270000
239.400000000	0.391328500
239.500000000	0.391358500
239.600000000	0.391387500
239.600000000	0.391413500
239.700000000	0.391451500
239.800000000	0.391423000
239.900000000	0.391461000
240.000000000	0.391486500
240.100000000	0.391517000
240.200000000	0.391560000
240.300000000	0.391581000
240.300000000	0.391612500
240.400000000	0.391555500
240.500000000	0.391585500
240.600000000	0.391651000
240.700000000	0.391669000
240.800000000	0.391703500
240.800000000	0.391736000
240.900000000	0.391778500
241.000000000	0.391726500
241.100000000	0.391745500
241.200000000	0.391793000
241.300000000	0.391807500
241.400000000	0.391864000
241.400000000	0.391899500
241.500000000	0.391867500
241.600000000	0.391904500
241.700000000	0.391939000
241.800000000	0.391979500
241.900000000	0.392006000
241.900000000	0.392053000
242.000000000	0.392099000
242.100000000	0.392054500
242.200000000	0.392143000
242.300000000	0.392265000
242.400000000	0.392343500
242.500000000	0.392385000
242.500000000	0.392414000
242.600000000	0.392457500
242.700000000	0.392395000
242.800000000	0.392448500
242.900000000	0.392467500
243.000000000	0.392498500
243.100000000	0.392541000
243.100000000	0.392557000
243.200000000	0.392557500
243.300000000	0.392591000
243.400000000	0.392621000
243.500000000	0.392658500
243.500000000	0.392684500
243.600000000	0.392720500
243.700000000	0.392759000
243.800000000	0.392700500
243.900000000	0.392731000
244.000000000	0.392763000
244.000000000	0.392786500
244.100000000	0.392815000
244.200000000	0.392844000
244.300000000	0.392873500
244.400000000	0.392861500
244.400000000	0.392889500
244.500000000	0.392923000
244.600000000	0.392946500
244.700000000	0.392986000
244.800000000	0.393025000
244.800000000	0.393035500
244.900000000	0.392974000
245.000000000	0.393030000
245.100000000	0.393051000
245.200000000	0.393093000
245.200000000	0.393122500
245.300000000	0.393160500
245.400000000	0.393092500
245.500000000	0.393116500
245.600000000	0.393167000
245.600000000	0.393212000
245.700000000	0.393235500
245.800000000	0.393259500
245.900000000	0.393288500
245.900000000	0.393209500
246.000000000	0.393256000
246.100000000	0.393278000
246.200000000	0.393308000
246.300000000	0.393337000
246.400000000	0.393378500
246.400000000	0.393360500
246.500000000	0.393403500
246.600000000	0.393431000
246.700000000	0.393456000
246.700000000	0.393482500
246.800000000	0.393512000
246.900000000	0.393535000
247.000000000	0.393463000
247.100000000	0.393500000
247.100000000	0.393556500
247.200000000	0.393577500
247.300000000	0.393611000
247.400000000	0.393642000
247.400000000	0.393677000
247.500000000	0.393591000
247.600000000	0.393614500
247.700000000	0.393673500
247.700000000	0.393698000
247.800000000	0.393731500
247.900000000	0.393751500
248.000000000	0.393731000
248.100000000	0.393753000
248.100000000	0.393788500
248.200000000	0.393828500
248.300000000	0.393848500
248.400000000	0.393872000
248.400000000	0.393903000
248.500000000	0.393848500
248.600000000	0.393865000
248.700000000	0.393913500
248.700000000	0.393946000
248.800000000	0.393987000
248.900000000	0.394007000
249.000000000	0.394034500
249.000000000	0.393960000
249.100000000	0.394038500
249.200000000	0.394052500
249.300000000	0.394098500
249.300000000	0.394121000
249.400000000	0.394146500
249.500000000	0.394074000
249.600000000	0.394106000
249.600000000	0.394131000
249.700000000	0.394159500
249.800000000	0.394214000
249.900000000	0.394242000
249.900000000	0.394194000
250.000000000	0.394228000
250.100000000	0.394254000
250.200000000	0.394290500
250.200000000	0.394322000
250.300000000	0.394360000
250.400000000	0.394394000
250.400000000	0.394403000
250.500000000	0.394327500
250.600000000	0.394412000
250.700000000	0.394427500
250.700000000	0.394438000
250.800000000	0.394487000
250.900000000	0.394504500
251.000000000	0.394442000
251.000000000	0.394462500
251.100000000	0.394494000
251.200000000	0.394512000
251.200000000	0.394546500
251.300000000	0.394587500
251.400000000	0.394565000
251.400000000	0.394584000
251.500000000	0.394613500
251.600000000	0.394644500
251.700000000	0.394664000
251.700000000	0.394703000
251.800000000	0.394726000
251.900000000	0.394652500
251.900000000	0.394677500
252.000000000	0.394728000
252.100000000	0.394770500
252.200000000	0.394807500
252.200000000	0.394819500
252.300000000	0.394839500
252.400000000	0.394772500
252.400000000	0.394848000
252.500000000	0.394871500
252.600000000	0.394890500
252.700000000	0.394919500
252.700000000	0.394948500
252.800000000	0.394874500
252.900000000	0.394909000
252.900000000	0.394956500
253.000000000	0.394972000
253.100000000	0.395010000
253.200000000	0.395035000
253.200000000	0.395069000
253.300000000	0.394994500
253.400000000	0.395024000
253.400000000	0.395052500
253.500000000	0.395072000
253.600000000	0.395110500
253.600000000	0.395126500
253.700000000	0.395109000
253.800000000	0.395147000
253.800000000	0.395185000
253.900000000	0.395206000
254.000000000	0.395239500
254.100000000	0.395265000
254.100000000	0.395290000
254.200000000	0.395203500
254.300000000	0.395229000
254.300000000	0.395272000
254.400000000	0.395292500
254.500000000	0.395336500
254.500000000	0.395347500
254.600000000	0.395332000
254.700000000	0.395334500
254.700000000	0.395365500
254.800000000	0.395406500
254.900000000	0.395423000
254.900000000	0.395463000
255.000000000	0.395488000
255.100000000	0.395403000
255.200000000	0.395438500
255.200000000	0.395502000
255.300000000	0.395509500
255.300000000	0.395536500
255.400000000	0.395561000
255.500000000	0.395591500
255.500000000	0.395519000
255.600000000	0.395552000
255.700000000	0.395609500
255.800000000	0.395636500
255.800000000	0.395664000
255.900000000	0.395687500
256.000000000	0.395723500
256.000000000	0.395650000
256.100000000	0.395710000
256.200000000	0.395732500
256.200000000	0.395751500
256.300000000	0.395769000
256.400000000	0.395800000
256.400000000	0.395713500
256.500000000	0.395755000
256.600000000	0.395825500
256.600000000	0.395832000
256.700000000	0.395850500
256.800000000	0.395884500
256.800000000	0.395924000
256.900000000	0.395843500
257.000000000	0.395891000
257.000000000	0.395921000
257.100000000	0.395941500
257.100000000	0.395965000
257.200000000	0.396001000
257.300000000	0.395921000
257.300000000	0.395940500
257.400000000	0.396021000
257.500000000	0.396024000
257.500000000	0.396050500
257.600000000	0.396067000
257.700000000	0.396114000
257.700000000	0.396034500
257.800000000	0.396164500
257.900000000	0.396130000
257.900000000	0.396139000
258.000000000	0.396166500
258.100000000	0.396183000
258.100000000	0.396222500
258.200000000	0.396138000
258.300000000	0.396163500
258.300000000	0.396224000
258.400000000	0.396257000
258.400000000	0.396279000
258.500000000	0.396301000
258.600000000	0.396326500
258.600000000	0.396248000
258.700000000	0.396320000
258.800000000	0.396321500
258.800000000	0.396345500
258.900000000	0.396361000
259.000000000	0.396392500
259.000000000	0.396306000
259.100000000	0.396422500
259.100000000	0.396386500
259.200000000	0.396420500
259.300000000	0.396441500
259.300000000	0.396474500
259.400000000	0.396507000
259.500000000	0.396420000
259.500000000	0.396508500
259.600000000	0.396514500
259.600000000	0.396351000
259.700000000	0.396176500
259.800000000	0.396199000
259.800000000	0.396126000
259.900000000	0.396139000
260.000000000	0.396217500
260.000000000	0.396234500
260.100000000	0.396254000
260.200000000	0.396272000
260.200000000	0.396297500
260.300000000	0.396222500
260.300000000	0.396268500
260.400000000	0.396310500
260.500000000	0.396337500
260.500000000	0.396375500
260.600000000	0.396393500
260.600000000	0.396300500
260.700000000	0.396333500
260.800000000	0.396395000
260.800000000	0.396407500
260.900000000	0.396450000
260.900000000	0.396458500
261.000000000	0.396486500
261.100000000	0.396401000
261.100000000	0.396443500
261.200000000	0.396480000
261.300000000	0.396496500
261.300000000	0.396527000
261.400000000	0.396550500
261.400000000	0.396473000
261.500000000	0.396492500
261.600000000	0.396555000
261.600000000	0.396570000
261.700000000	0.396589000
261.800000000	0.396618500
261.800000000	0.396653500
261.900000000	0.396580000
262.000000000	0.396586500
262.000000000	0.396652500
262.100000000	0.396661500
262.100000000	0.396691500
262.200000000	0.396716500
262.300000000	0.396744000
262.300000000	0.396665500
262.400000000	0.396702000
262.500000000	0.396723500
262.500000000	0.396751000
262.600000000	0.396771000
262.600000000	0.396800500
262.700000000	0.396768000
262.700000000	0.396802000
262.800000000	0.396833000
262.900000000	0.396837000
262.900000000	0.396876500
263.000000000	0.396896500
263.000000000	0.396928500
263.100000000	0.396822500
263.200000000	0.396860000
263.200000000	0.396922000
263.300000000	0.396948000
263.300000000	0.396958000
263.400000000	0.396993500
263.400000000	0.396910000
263.500000000	0.396943000
263.600000000	0.396987000
263.600000000	0.397010500
263.700000000	0.397039500
263.700000000	0.397062000
263.800000000	0.396961000
263.900000000	0.396985500
263.900000000	0.397036500
264.000000000	0.397080000
264.000000000	0.397109000
264.100000000	0.397133000
264.100000000	0.397139500
264.200000000	0.397067000
264.300000000	0.397191000
264.300000000	0.397158500
264.400000000	0.397176500
264.400000000	0.397211000
264.500000000	0.397230500
264.500000000	0.397257000
264.600000000	0.397161000
264.700000000	0.397259500
264.700000000	0.397247500
264.800000000	0.397253000
264.800000000	0.397307000
264.900000000	0.397331000
264.900000000	0.397233000
265.000000000	0.397271000
265.100000000	0.397325000
265.100000000	0.397335500
265.200000000	0.397362000
265.200000000	0.397385500
265.300000000	0.397411000
265.300000000	0.397311000
265.400000000	0.397418000
265.500000000	0.397418000
265.500000000	0.397430000
265.600000000	0.397458000
265.600000000	0.397481500
265.700000000	0.397379500
265.700000000	0.397520000
265.800000000	0.397476000
265.800000000	0.397486000
265.900000000	0.397520000
265.900000000	0.397532500
266.000000000	0.397569000
266.100000000	0.397476500
266.100000000	0.397503500
266.200000000	0.397531000
266.200000000	0.397578000
266.300000000	0.397622000
266.300000000	0.397651000
266.400000000	0.397539000
266.500000000	0.397573000
266.500000000	0.397638500
266.600000000	0.397678500
266.600000000	0.397693000
266.700000000	0.397712500
266.700000000	0.397732000
266.800000000	0.397627500
266.800000000	0.397677500
266.900000000	0.397720000
266.900000000	0.397730000
267.000000000	0.397761500
267.100000000	0.397787500
267.100000000	0.397715000
267.200000000	0.397715500
267.200000000	0.397792500
267.300000000	0.397815000
267.300000000	0.397835000
267.400000000	0.397853500
267.400000000	0.397881000
267.500000000	0.397791500
267.500000000	0.397797500
267.600000000	0.397861500
267.700000000	0.397880000
267.700000000	0.397919000
267.800000000	0.397939500
267.800000000	0.397967000
267.900000000	0.397874500
267.900000000	0.397989500
268.000000000	0.397976500
268.000000000	0.397995000
268.100000000	0.398027000
268.100000000	0.398043000
268.200000000	0.398053000
268.200000000	0.397957000
268.300000000	0.398053500
268.400000000	0.398060000
268.400000000	0.398063500
268.400000000	0.398078000
268.500000000	0.398110000
268.600000000	0.398028500
268.600000000	0.398036000
268.700000000	0.398109500
268.700000000	0.398130500
268.800000000	0.398154000
268.800000000	0.398176500
268.900000000	0.398198000
268.900000000	0.398118000
269.000000000	0.398135500
269.000000000	0.398207000
269.100000000	0.398223000
269.100000000	0.398242500
269.200000000	0.398262500
269.200000000	0.398183000
269.300000000	0.398193500
269.300000000	0.398271000
269.400000000	0.398282500
269.400000000	0.398324500
269.500000000	0.398338500
269.600000000	0.398366000
269.600000000	0.398268000
269.600000000	0.398376000
269.700000000	0.398346500
269.800000000	0.398365500
269.800000000	0.398375500
269.900000000	0.398389500
269.900000000	0.398419000
270.000000000	0.398305000
270.000000000	0.398404500
270.100000000	0.398407500
270.100000000	0.398430500
270.200000000	0.398458500
270.200000000	0.398479500
270.300000000	0.398369500
270.300000000	0.398412000
270.400000000	0.398498000
270.400000000	0.398495000
270.500000000	0.398535500
270.500000000	0.398545000
270.600000000	0.398567500
270.600000000	0.398452000
270.700000000	0.398506000
270.700000000	0.398573500
270.800000000	0.398586000
270.800000000	0.398608000
270.900000000	0.398627000
270.900000000	0.398666000
271.000000000	0.398553500
271.000000000	0.398627500
271.100000000	0.398645000
271.100000000	0.398674000
271.200000000	0.398688500
271.200000000	0.398707500
271.300000000	0.398611500
271.300000000	0.398626500
271.400000000	0.398704000
271.400000000	0.398719000
271.500000000	0.398735500
271.500000000	0.398763000
271.600000000	0.398798500
271.600000000	0.398711000
271.700000000	0.398733500
271.700000000	0.398784000
271.800000000	0.398809500
271.800000000	0.398820000
271.900000000	0.398831500
271.900000000	0.398739500
272.000000000	0.398759500
272.000000000	0.398839500
272.100000000	0.398829000
272.100000000	0.398879000
272.200000000	0.398891000
272.200000000	0.398913000
272.300000000	0.398815500
272.300000000	0.398833000
272.300000000	0.398904500
272.400000000	0.398928500
272.400000000	0.398930500
272.500000000	0.398960500
272.500000000	0.398983500
272.600000000	0.398905500
272.600000000	0.398941000
272.700000000	0.398985000
272.700000000	0.399012000
272.800000000	0.399047000
272.800000000	0.399060500
272.900000000	0.398965000
272.900000000	0.398998000
273.000000000	0.399075500
273.000000000	0.399092500
273.100000000	0.399122000
273.100000000	0.399132000
273.200000000	0.399151500
273.200000000	0.399060500
273.300000000	0.399146000
273.300000000	0.399147000
273.400000000	0.399160000
273.400000000	0.399192500
273.500000000	0.399221000
273.500000000	0.399115000
273.600000000	0.399120000
273.600000000	0.399136500
273.600000000	0.399216500
273.700000000	0.399236500
273.700000000	0.399255500
273.800000000	0.399275000
273.800000000	0.399187500
273.900000000	0.399297000
273.900000000	0.399270000
274.000000000	0.399289500
274.000000000	0.399301000
274.100000000	0.399314500
274.100000000	0.399347500
274.200000000	0.399236500
274.200000000	0.399256500
274.300000000	0.399325500
274.300000000	0.399346500
274.300000000	0.399378500
274.400000000	0.399402000
274.400000000	0.399311000
274.500000000	0.399330500
274.500000000	0.399403500
274.600000000	0.399396000
274.600000000	0.399408000
274.700000000	0.399442500
274.700000000	0.399458500
274.800000000	0.399350500
274.800000000	0.399384500
274.800000000	0.399455500
274.900000000	0.399456000
274.900000000	0.399489000
275.000000000	0.399527000
275.000000000	0.399420500
275.100000000	0.399548000
275.100000000	0.399495000
275.200000000	0.399523500
275.200000000	0.399552500
275.200000000	0.399578500
275.300000000	0.399469500
275.300000000	0.399483500
275.400000000	0.399520000
275.400000000	0.399586500
275.500000000	0.399603000
275.500000000	0.399608000
275.600000000	0.399633500
275.600000000	0.399552000
275.600000000	0.399552000
275.700000000	0.399640000
275.700000000	0.399652000
275.800000000	0.399661500
275.800000000	0.399684000
275.900000000	0.399723000
275.900000000	0.399613000
276.000000000	0.399745000
276.000000000	0.399682000
276.000000000	0.399697000
276.100000000	0.399727000
276.100000000	0.399728000
276.200000000	0.399631000
276.200000000	0.399658500
276.300000000	0.399671000
276.300000000	0.399733000
276.400000000	0.399743000
276.400000000	0.399771000
276.500000000	0.399805000
276.500000000	0.399699500
276.500000000	0.399728500
276.600000000	0.399797500
276.600000000	0.399811000
276.700000000	0.399827500
276.700000000	0.399845500
276.800000000	0.399863500
276.800000000	0.399759500
276.900000000	0.399796000
276.900000000	0.399866000
276.900000000	0.399850000
277.000000000	0.399887000
277.000000000	0.399918000
277.100000000	0.399826000
277.100000000	0.399852000
277.100000000	0.399925000
277.200000000	0.399920500
277.200000000	0.399958000
277.300000000	0.399962500
277.300000000	0.399996500
277.400000000	0.399883500
277.400000000	0.399921000
277.400000000	0.399991000
277.500000000	0.399985500
277.500000000	0.399989500
277.600000000	0.400011000
277.600000000	0.399911500
277.700000000	0.399929000
277.700000000	0.399947500
277.800000000	0.400025000
277.800000000	0.400038000
277.800000000	0.400058500
277.900000000	0.400074000
277.900000000	0.399958000
278.000000000	0.399985000
278.000000000	0.400003500
278.000000000	0.400079000
278.100000000	0.400093000
278.100000000	0.400118000
278.200000000	0.400133500
278.200000000	0.400004000
278.300000000	0.400073500
278.300000000	0.400119000
278.300000000	0.400111000
278.400000000	0.400159500
278.400000000	0.400165500
278.500000000	0.400068500
278.500000000	0.400085500
278.500000000	0.400174500
278.600000000	0.400185000
278.600000000	0.400188500
278.700000000	0.400215000
278.700000000	0.400109000
278.700000000	0.400124000
278.800000000	0.400162000
278.800000000	0.400225500
278.900000000	0.400247000
278.900000000	0.400237000
279.000000000	0.400260000
279.000000000	0.400146000
279.000000000	0.400176500
279.100000000	0.400256500
279.100000000	0.400262000
279.200000000	0.400296500
279.200000000	0.400323000
279.200000000	0.400206500
279.300000000	0.400221500
279.300000000	0.400262000
279.400000000	0.400312500
279.400000000	0.400308500
279.400000000	0.400343000
279.500000000	0.400357500
279.500000000	0.400247500
279.600000000	0.400277000
279.600000000	0.400364000
279.600000000	0.400364000
279.700000000	0.400376000
279.700000000	0.400395500
279.800000000	0.400417500
279.800000000	0.400295000
279.800000000	0.400325500
279.900000000	0.400327500
279.900000000	0.400367500
280.000000000	0.400402000
280.000000000	0.400408500
280.000000000	0.400382000
280.100000000	0.400411000
280.100000000	0.400425500
280.200000000	0.400427000
280.200000000	0.400456000
280.200000000	0.400464500
280.300000000	0.400367500
280.300000000	0.400386000
280.400000000	0.400419500
280.400000000	0.400477000
280.400000000	0.400484500
280.500000000	0.400498500
280.500000000	0.400525500
280.500000000	0.400407000
280.600000000	0.400462500
280.600000000	0.400452500
280.700000000	0.400530500
280.700000000	0.400552500
280.700000000	0.400552000
280.800000000	0.400571500
280.800000000	0.400457500
280.900000000	0.400510500
280.900000000	0.400558000
280.900000000	0.400576000
281.000000000	0.400598000
281.000000000	0.400626000
281.000000000	0.400499000
281.100000000	0.400537500
281.100000000	0.400557500
281.200000000	0.400604000
281.200000000	0.400620000
281.200000000	0.400640500
281.300000000	0.400652000
281.300000000	0.400528000
281.300000000	0.400564000
281.400000000	0.400616000
281.400000000	0.400614500
281.500000000	0.400652000
281.500000000	0.400655500
281.500000000	0.400531000
281.600000000	0.400560000
281.600000000	0.400580000
281.700000000	0.400640000
281.700000000	0.400645000
281.700000000	0.400656500
281.800000000	0.400678000
281.800000000	0.400562500
281.800000000	0.400694000
281.900000000	0.400637500
281.900000000	0.400668000
281.900000000	0.400683000
282.000000000	0.400695500
282.000000000	0.400590000
282.100000000	0.400623500
282.100000000	0.400644500
282.100000000	0.400706000
282.200000000	0.400722000
282.200000000	0.400738500
282.200000000	0.400743500
282.300000000	0.400615000
282.300000000	0.400750000
282.300000000	0.400714500
282.400000000	0.400716000
282.400000000	0.400747000
282.500000000	0.400763500
282.500000000	0.400632000
282.500000000	0.400653500
282.600000000	0.400679000
282.600000000	0.400735500
282.600000000	0.400751000
282.700000000	0.400792000
282.700000000	0.400782000
282.700000000	0.400670500
282.800000000	0.400810500
282.800000000	0.400754500
282.900000000	0.400771500
282.900000000	0.400793500
282.900000000	0.400814000
283.000000000	0.400691500
283.000000000	0.400682500
283.000000000	0.400771500
283.100000000	0.400826000
283.100000000	0.400823500
283.100000000	0.400828000
283.200000000	0.400839000
283.200000000	0.400729500
283.200000000	0.400724500
283.300000000	0.400753000
283.300000000	0.400820500
283.300000000	0.400821500
283.400000000	0.400861500
283.400000000	0.400879000
283.400000000	0.400715000
283.500000000	0.400730500
283.500000000	0.400784500
283.600000000	0.400777000
283.600000000	0.400808500
283.600000000	0.400821000
283.700000000	0.400694500
283.700000000	0.400731000
283.700000000	0.400837500
283.800000000	0.400802500
283.800000000	0.400816500
283.800000000	0.400815500
283.900000000	0.400854500
283.900000000	0.400721000
283.900000000	0.400869500
284.000000000	0.400816500
284.000000000	0.400840500
284.100000000	0.400865000
284.100000000	0.400878000
284.100000000	0.400763500
284.200000000	0.400753500
284.200000000	0.400882500
284.200000000	0.400836500
284.300000000	0.400864500
284.300000000	0.400894000
284.300000000	0.400894500
284.400000000	0.400765500
284.400000000	0.400809500
284.400000000	0.400835000
284.500000000	0.400907000
284.500000000	0.400909000
284.500000000	0.400918500
284.600000000	0.400941000
284.600000000	0.400813500
284.600000000	0.400929000
284.700000000	0.400895000
284.700000000	0.400911500
284.700000000	0.400923500
284.800000000	0.400928000
284.800000000	0.400816000
284.800000000	0.400834000
284.900000000	0.400879500
284.900000000	0.400942000
284.900000000	0.400936500
285.000000000	0.400955500
285.000000000	0.400978500
285.000000000	0.400874500
285.100000000	0.400895500
285.100000000	0.400969500
285.100000000	0.400958500
285.200000000	0.400982000
285.200000000	0.401005000
285.200000000	0.400873500
285.300000000	0.400898500
285.300000000	0.400937500
285.300000000	0.400972000
285.400000000	0.401007500
285.400000000	0.400914000
285.400000000	0.400951000
285.500000000	0.400935000
285.500000000	0.400942000
285.500000000	0.400974500
285.600000000	0.400957000
285.600000000	0.400998000
285.600000000	0.401022500
285.700000000	0.401031000
285.700000000	0.400932500
285.700000000	0.401068000
285.800000000	0.401011000
285.800000000	0.401018500
285.800000000	0.401036500
285.900000000	0.401053000
285.900000000	0.401071000
285.900000000	0.400947500
286.000000000	0.401040000
286.000000000	0.401033500
286.000000000	0.401052000
286.100000000	0.401067000
286.100000000	0.401062500
286.100000000	0.400950500
286.200000000	0.400973000
286.200000000	0.401045500
286.200000000	0.401034500
286.300000000	0.401048000
286.300000000	0.401062500
286.300000000	0.400948000
286.300000000	0.400954500
286.400000000	0.401080500
286.400000000	0.401035000
286.400000000	0.401048000
286.500000000	0.401062500
286.500000000	0.401069500
286.500000000	0.400959500
286.600000000	0.400974000
286.600000000	0.400995500
286.600000000	0.401059000
286.700000000	0.401072000
286.700000000	0.401077000
286.700000000	0.401091500
286.800000000	0.400955000
286.800000000	0.401074500
286.800000000	0.401036000
286.900000000	0.401071500
286.900000000	0.401074500
286.900000000	0.401080500
286.900000000	0.400953000
287.000000000	0.400969000
287.000000000	0.401003500
287.000000000	0.401067000
287.100000000	0.401050000
287.100000000	0.401077500
287.100000000	0.401086500
287.200000000	0.400967000
287.200000000	0.401107500
287.200000000	0.401066500
287.300000000	0.401085000
287.300000000	0.401058000
287.300000000	0.401083500
287.300000000	0.400958500
287.400000000	0.400984500
287.400000000	0.401078500
287.400000000	0.401026500
287.500000000	0.401045500
287.500000000	0.401056000
287.500000000	0.401067500
287.600000000	0.400949000
287.600000000	0.400971000
287.600000000	0.401090500
287.600000000	0.401055000
287.700000000	0.401069500
287.700000000	0.401077000
287.700000000	0.401077500
287.800000000	0.400955000
287.800000000	0.400996000
287.800000000	0.401004500
287.900000000	0.401065500
287.900000000	0.401077500
287.900000000	0.401087000
287.900000000	0.401079500
288.000000000	0.400949500
288.000000000	0.401071500
288.000000000	0.401035500
288.100000000	0.401071000
288.100000000	0.401087000
288.100000000	0.401082500
288.200000000	0.400992000
288.200000000	0.400981000
288.300000000	0.401010000
288.300000000	0.401051500
288.300000000	0.401046000
288.300000000	0.401063000
288.300000000	0.401067000
288.400000000	0.400930000
288.400000000	0.401036000
288.400000000	0.401002000
288.400000000	0.401021000
288.500000000	0.401036000
288.500000000	0.401039500
288.500000000	0.400930500
288.600000000	0.400936500
288.600000000	0.400981000
288.600000000	0.401049000
288.600000000	0.401028500
288.700000000	0.401038500
288.700000000	0.401066500
288.700000000	0.400940000
288.700000000	0.401046000
288.800000000	0.401003500
288.800000000	0.401022000
288.800000000	0.400994000
288.900000000	0.401014000
288.900000000	0.401004500
288.900000000	0.400986000
289.000000000	0.400979500
289.000000000	0.400980500
289.000000000	0.401014500
289.000000000	0.401030500
289.100000000	0.401020000
289.100000000	0.400903000
289.100000000	0.401027000
289.100000000	0.400973000
289.200000000	0.400969000
289.200000000	0.400992000
289.200000000	0.401001500
289.300000000	0.400910000
289.300000000	0.400889000
289.300000000	0.400937500
289.300000000	0.400985500
289.400000000	0.401007000
289.400000000	0.401003000
289.400000000	0.401009500
289.500000000	0.400903000
289.500000000	0.401005500
289.500000000	0.400973500
289.500000000	0.401001500
289.600000000	0.401007000
289.600000000	0.401011000
289.600000000	0.400865500
289.700000000	0.400883000
289.700000000	0.400915500
289.700000000	0.400905500
289.700000000	0.400965000
289.800000000	0.400967000
289.800000000	0.400977500
289.800000000	0.400852000
289.900000000	0.400979000
289.900000000	0.400932500
289.900000000	0.400938500
289.900000000	0.400935500
290.000000000	0.400941000
290.000000000	0.400829000
290.000000000	0.400835500
290.000000000	0.400937000
290.100000000	0.400912000
290.100000000	0.400925000
290.100000000	0.400952500
290.100000000	0.400958500
290.200000000	0.400844000
290.200000000	0.400856000
290.200000000	0.400888000
290.300000000	0.400882000
290.300000000	0.400925000
290.300000000	0.400909000
290.300000000	0.400873000
290.400000000	0.400895000
290.400000000	0.400901000
290.400000000	0.400890500
290.400000000	0.400913500
290.500000000	0.400924500
290.500000000	0.400915500
290.500000000	0.400798500
290.600000000	0.400936500
290.600000000	0.400853000
290.600000000	0.400862500
290.600000000	0.400861000
290.700000000	0.400905500
290.700000000	0.400900000
290.700000000	0.400787500
290.700000000	0.400900000
290.800000000	0.400852500
290.800000000	0.400853500
290.800000000	0.400863000
290.800000000	0.400896500
290.900000000	0.400777500
290.900000000	0.400772000
290.900000000	0.400801000
290.900000000	0.400828500
291.000000000	0.400819000
291.000000000	0.400828000
291.000000000	0.400852500
291.000000000	0.400735500
291.000000000	0.400854000
291.000000000	0.400799000
291.000000000	0.400795500
291.000000000	0.400815000
291.000000000	0.400819000
291.000000000	0.400692500
291.000000000	0.400721000
291.000000000	0.400770500
291.000000000	0.400809000
